0.10000000000000001 1
0.20000000000000001 1
0.30000000000000004 1
0.40000000000000002 1
0.5 1
0.59999999999999998 1
0.69999999999999996 1
0.79999999999999993 1
0.89999999999999991 1
0.99999999999999989 1
1.0999999999999999 1
1.2 2
1.3 4
1.4000000000000001 8
1.5000000000000002 16
1.6000000000000003 23
1.7000000000000004 34
1.8000000000000005 43
1.9000000000000006 21.5
2.0000000000000004 21.5
2.1000000000000005 21.5
2.2000000000000006 21.5
2.3000000000000007 1
2.4000000000000008 2
2.5000000000000009 4
2.600000000000001 7
2.7000000000000011 9
2.8000000000000012 10.2971
2.9000000000000012 10.7738
3.0000000000000013 11.1404
3.1000000000000014 12.0077
3.2000000000000015 12.894
3.3000000000000016 13.7229
3.4000000000000017 14.435
3.5000000000000018 15.1796
3.6000000000000019 15.9521
3.700000000000002 16.6286
3.800000000000002 17.2786
3.9000000000000021 17.9049
4.0000000000000018 18.5099
4.1000000000000014 19.0958
4.2000000000000011 19.6641
4.3000000000000007 20.2165
4.4000000000000004 20.8023
4.5 21.3251
4.5999999999999996 21.8354
4.6999999999999993 22.334
4.7999999999999989 22.8216
4.8999999999999986 11.4764
4.9999999999999982 11.4764
5.0999999999999979 11.9897
5.1999999999999975 12.7991
5.2999999999999972 13.6338
5.3999999999999968 14.42
5.4999999999999964 15.1653
5.5999999999999961 15.8756
5.6999999999999957 16.5552
5.7999999999999954 17.208
5.899999999999995 17.8368
5.9999999999999947 18.4983
6.0999999999999943 19.0845
6.199999999999994 19.6532
6.2999999999999936 20.2058
6.3999999999999932 20.7437
6.4999999999999929 21.268
6.5999999999999925 21.7796
6.6999999999999922 22.2794
6.7999999999999918 22.8122
6.8999999999999915 11.4717
6.9999999999999911 11.4717
7.0999999999999908 11.9852
7.1999999999999904 12.7163
7.2999999999999901 13.5561
7.3999999999999897 14.3466
7.4999999999999893 15.1618
7.599999999999989 15.8722
7.6999999999999886 16.552
7.7999999999999883 17.2049
7.8999999999999879 17.8338
7.9999999999999876 18.4412
8.0999999999999872 19.0291
8.1999999999999869 19.5994
8.2999999999999865 20.1535
8.3999999999999861 20.7411
8.4999999999999858 21.2654
8.5999999999999854 21.7771
8.6999999999999851 22.277
8.7999999999999847 22.7659
8.8999999999999844 11.4706
8.999999999999984 11.4706
9.0999999999999837 11.9
9.1999999999999833 12.7152
9.2999999999999829 13.5551
9.3999999999999826 14.3457
9.4999999999999822 15.0947
9.5999999999999819 15.8081
9.6999999999999815 16.4905
9.7999999999999812 17.1458
9.8999999999999808 17.833
9.9999999999999805 18.4404
10.09999999999998 19.0284
10.19999999999998 19.5987
10.299999999999979 20.1529
10.399999999999979 20.6921
10.499999999999979 21.2177
10.599999999999978 21.7305
10.699999999999978 22.2314
10.799999999999978 22.7653
10.899999999999977 11.4703
10.999999999999977 11.4703
11.099999999999977 11.8997
11.199999999999976 12.6358
11.299999999999976 13.4807
11.399999999999975 14.2754
11.499999999999975 15.0945
11.599999999999975 15.8079
11.699999999999974 16.4903
11.799999999999974 17.1456
11.899999999999974 17.7766
11.999999999999973 18.3859
12.099999999999973 18.9756
12.199999999999973 19.5474
12.299999999999972 20.1527
12.399999999999972 20.692
12.499999999999972 21.2175
12.599999999999971 21.7303
12.699999999999971 22.2313
12.799999999999971 22.7212
12.89999999999997 11.4702
12.99999999999997 11.4702
13.099999999999969 11.815
13.199999999999969 12.6358
13.299999999999969 13.4806
13.399999999999968 14.2753
13.499999999999968 15.0279
13.599999999999968 15.7443
13.699999999999967 16.4294
13.799999999999967 17.087
13.899999999999967 17.7765
13.999999999999966 18.3858
14.099999999999966 18.9755
14.199999999999966 19.5474
14.299999999999965 20.1029
14.399999999999965 20.6435
14.499999999999964 21.1703
14.599999999999964 21.6842
14.699999999999964 22.2313
14.799999999999963 22.7211
14.899999999999963 11.4702
14.999999999999963 11.4702
15.099999999999962 11.815
15.199999999999962 12.6357
15.299999999999962 13.406
15.399999999999961 14.2049
15.499999999999961 15.0278
15.599999999999961 15.7443
15.69999999999996 16.4294
15.79999999999996 17.087
15.899999999999959 17.7201
15.999999999999959 18.3313
16.099999999999959 18.9227
16.19999999999996 19.4961
16.299999999999962 20.1029
16.399999999999963 20.6435
16.499999999999964 21.1702
16.599999999999966 21.6842
16.699999999999967 22.1862
16.799999999999969 22.677
16.89999999999997 11.4702
16.999999999999972 11.4702
17.099999999999973 11.7298
17.199999999999974 12.5561
17.299999999999976 13.406
17.399999999999977 14.2049
17.499999999999979 14.961
17.59999999999998 15.6805
17.699999999999982 16.3683
17.799999999999983 17.0282
17.899999999999984 17.7201
17.999999999999986 18.3313
18.099999999999987 18.9227
18.199999999999989 19.4961
18.29999999999999 20.053
18.399999999999991 20.5949
18.499999999999993 21.1229
18.599999999999994 21.638
18.699999999999996 22.1862
18.799999999999997 22.677
18.899999999999999 11.4702
19 11.4702
19.100000000000001 11.7298
19.200000000000003 12.5561
19.300000000000004 13.406
19.400000000000006 14.2049
19.500000000000007 14.961
19.600000000000009 15.6805
19.70000000000001 16.3683
19.800000000000011 17.0282
19.900000000000013 17.6635
20.000000000000014 18.2765
20.100000000000016 18.8697
20.200000000000017 19.4446
20.300000000000018 20.053
20.40000000000002 20.5949
20.500000000000021 21.1229
20.600000000000023 21.638
20.700000000000024 10.9797
20.800000000000026 10.9797
20.900000000000027 11.0708
21.000000000000028 11.8588
21.10000000000003 12.6767
21.200000000000031 13.519
21.300000000000033 14.1707
21.400000000000034 14.9286
21.500000000000036 15.6496
21.600000000000037 16.2772
21.700000000000038 16.9407
21.80000000000004 17.5791
21.900000000000041 18.1399
22.000000000000043 18.7374
22.100000000000044 19.3163
22.200000000000045 19.8784
22.300000000000047 20.3266
22.400000000000048 20.8614
22.50000000000005 21.3827
22.600000000000051 21.8459
22.700000000000053 10.9687
22.800000000000054 10.9687
22.900000000000055 11.5048
23.000000000000057 12.3463
23.100000000000058 13.2098
23.20000000000006 13.8762
23.300000000000061 14.6493
23.400000000000063 15.3835
23.500000000000064 16.084
23.600000000000065 16.6352
23.700000000000067 17.2849
23.800000000000068 17.911
23.90000000000007 18.2982
24.000000000000071 18.8907
24.100000000000072 19.465
24.200000000000074 19.9728
24.300000000000075 20.5168
24.400000000000077 21.0467
24.500000000000078 21.5636
24.60000000000008 21.9775
24.700000000000081 10.9887
24.800000000000082 11.0797
24.900000000000084 11.7823
25.000000000000085 12.6052
25.100000000000087 13.452
25.200000000000088 14.1068
25.30000000000009 14.8679
25.400000000000091 15.5918
25.500000000000092 16.0977
25.600000000000094 16.7683
25.700000000000095 17.413
25.800000000000097 17.9232
25.900000000000098 18.5277
26.000000000000099 19.113
26.100000000000101 19.6809
26.200000000000102 20.1335
26.300000000000104 20.6733
26.400000000000105 21.1993
26.500000000000107 21.6664
26.600000000000108 10.9709
26.700000000000109 10.9709
26.800000000000111 11.1525
26.900000000000112 12.1021
27.000000000000114 12.8265
27.100000000000115 13.5859
27.200000000000117 14.3747
27.300000000000118 14.9891
27.400000000000119 15.7074
27.500000000000121 16.394
27.600000000000122 16.9351
27.700000000000124 17.5737
27.800000000000125 18.1346
27.900000000000126 18.7323
28.000000000000128 19.2074
28.100000000000129 19.7218
28.200000000000131 20.2726
28.300000000000132 20.7606
28.400000000000134 10.4763
28.500000000000135 10.4763
28.600000000000136 10.853
28.700000000000138 11.6559
28.800000000000139 12.4871
28.900000000000141 13.114
29.000000000000142 14.0016
29.100000000000144 14.7681
29.200000000000145 15.4318
29.300000000000146 16.068
29.400000000000148 16.7398
29.500000000000149 17.3856
29.600000000000151 17.8406
29.700000000000152 18.4478
29.800000000000153 19.0881
29.900000000000155 19.5032
30.000000000000156 19.9599
30.100000000000158 9.97996
30.200000000000159 10.0802
30.300000000000161 11.0318
30.400000000000162 11.907
30.500000000000163 12.483
30.600000000000165 13.3376
30.700000000000166 14.0693
30.800000000000168 14.8323
30.900000000000169 15.4933
31.000000000000171 16.189
31.100000000000172 16.856
31.200000000000173 17.3249
31.300000000000175 17.9496
31.400000000000176 18.5532
31.500000000000178 19.0328
31.600000000000179 19.603
31.70000000000018 20.157
31.800000000000182 20.6962
31.900000000000183 10.4683
32.000000000000185 10.4683
32.100000000000186 10.7523
32.200000000000188 11.5622
32.300000000000189 12.3998
32.40000000000019 13.184
32.500000000000192 13.8516
32.600000000000193 14.4883
32.700000000000195 15.2303
32.800000000000196 15.8114
32.900000000000198 16.3718
33.000000000000199 17.0316
33.1000000000002 17.6099
33.200000000000202 18.2796
33.300000000000203 18.7662
33.400000000000205 19.3443
33.500000000000206 19.8552
33.600000000000207 20.3532
33.700000000000209 20.8393
33.80000000000021 10.4676
33.900000000000212 10.4676
34.000000000000213 11.1189
34.100000000000215 11.8191
34.200000000000216 12.6396
34.300000000000217 13.4096
34.400000000000219 14.1376
34.50000000000022 14.8971
34.600000000000222 15.5553
34.700000000000223 16.2484
34.800000000000225 16.7942
34.900000000000226 17.3804
35.000000000000227 18.0587
35.100000000000229 18.4971
35.20000000000023 19.0833
35.300000000000232 19.601
35.400000000000233 20.1551
35.500000000000234 20.5973
35.600000000000236 10.4674
35.700000000000237 10.4674
35.800000000000239 10.6576
35.90000000000024 11.4743
36.000000000000242 12.399
36.100000000000243 13.0302
36.200000000000244 13.8509
36.300000000000246 14.6254
36.400000000000247 15.3607
36.500000000000249 15.937
36.60000000000025 16.6743
36.700000000000252 17.3226
36.800000000000253 17.7791
36.900000000000254 18.3883
37.000000000000256 18.978
37.100000000000257 19.4985
37.200000000000259 19.9553
37.30000000000026 9.97764
37.400000000000261 10.0779
37.500000000000263 10.9383
37.600000000000264 11.7353
37.700000000000266 12.4811
37.800000000000267 13.1846
37.900000000000269 13.9962
38.00000000000027 14.763
38.100000000000271 15.3618
38.200000000000273 16.0633
38.300000000000274 16.7354
38.400000000000276 17.2657
38.500000000000277 17.8924
38.600000000000279 18.4979
38.70000000000028 19.0316
38.800000000000281 19.4994
38.900000000000283 20.0563
39.000000000000284 20.5981
39.100000000000286 20.9355
39.200000000000287 10.4678
39.300000000000288 10.5633
39.40000000000029 11.3868
39.500000000000291 12.2365
39.600000000000293 12.9533
39.700000000000294 13.7056
39.800000000000296 14.3489
39.900000000000297 15.0977
40.000000000000298 15.7475
40.1000000000003 16.3714
40.200000000000301 16.9132
40.300000000000303 17.4954
40.400000000000304 18.1142
40.500000000000306 18.6589
40.600000000000307 19.2402
40.700000000000308 19.7538
40.80000000000031 20.3037
40.900000000000311 20.7427
41.000000000000313 10.4674
41.100000000000314 10.4674
41.200000000000315 10.9367
41.300000000000317 11.6479
41.400000000000318 12.5599
41.50000000000032 13.2591
41.600000000000321 13.995
41.700000000000323 14.7618
41.800000000000324 15.4258
41.900000000000325 16.1245
42.000000000000327 16.6744
42.100000000000328 17.2647
42.20000000000033 17.8915
42.300000000000331 18.3884
42.400000000000333 18.978
42.500000000000334 19.4985
42.600000000000335 20.0554
42.700000000000337 20.4998
42.800000000000338 20.9347
42.90000000000034 10.4674
43.000000000000341 10.5629
43.100000000000342 11.4742
43.200000000000344 12.2361
43.300000000000345 12.953
43.400000000000347 13.7053
43.500000000000348 14.4876
43.60000000000035 15.2296
43.700000000000351 15.8107
43.800000000000352 16.4931
43.900000000000354 17.2065
44.000000000000355 17.6661
44.100000000000357 18.2791
44.200000000000358 18.8721
44.30000000000036 19.447
44.400000000000361 19.8547
44.500000000000362 9.97763
44.600000000000364 9.97763
44.700000000000365 10.7531
44.800000000000367 11.5629
44.900000000000368 12.4005
45.000000000000369 13.0315
45.100000000000371 13.8522
45.200000000000372 14.6266
45.300000000000374 15.2308
45.400000000000375 15.9381
45.500000000000377 16.6152
45.600000000000378 17.1492
45.700000000000379 17.7801
45.800000000000381 18.3893
45.900000000000382 18.926
46.000000000000384 19.3964
46.100000000000385 19.9562
46.200000000000387 20.5006
46.300000000000388 20.9355
46.400000000000389 10.4678
46.500000000000391 10.5633
46.600000000000392 11.2983
46.700000000000394 12.0713
46.800000000000395 12.8756
46.900000000000396 13.6323
47.000000000000398 14.2085
47.100000000000399 14.9644
47.200000000000401 15.6197
47.300000000000402 16.3101
47.400000000000404 16.8538
47.500000000000405 17.4381
47.600000000000406 18.0588
47.700000000000408 18.5512
47.800000000000409 19.1358
47.900000000000411 19.6521
48.000000000000412 20.2048
48.100000000000414 20.6944
48.200000000000415 10.4674
48.300000000000416 10.4674
48.400000000000418 10.8445
48.500000000000419 11.5614
48.600000000000421 12.3991
48.700000000000422 13.107
48.800000000000423 13.9231
48.900000000000425 14.6254
49.000000000000426 15.2953
49.100000000000428 16.0623
49.200000000000429 16.6142
49.300000000000431 17.2066
49.400000000000432 17.8354
49.500000000000433 18.3338
49.600000000000435 18.8722
49.700000000000436 19.3955
49.800000000000438 19.9553
49.900000000000439 20.4019
50.000000000000441 20.9347
50.100000000000442 10.4674
50.200000000000443 10.5629
50.300000000000445 11.3864
50.400000000000446 12.1538
50.500000000000448 12.8753
50.600000000000449 13.5582
50.70000000000045 14.4183
50.800000000000452 15.1637
50.900000000000453 15.7472
51.000000000000455 16.4322
51.100000000000456 17.0897
51.200000000000458 17.6093
51.300000000000459 18.1692
51.40000000000046 18.7657
51.500000000000462 19.3955
51.600000000000463 19.8042
51.700000000000465 9.97763
51.800000000000466 9.97763
51.900000000000468 10.6592
52.000000000000469 11.4758
52.10000000000047 12.2376
52.200000000000472 12.8767
52.300000000000473 13.7066
52.400000000000475 14.4889
52.500000000000476 15.1649
52.600000000000477 15.8751
52.700000000000479 16.5548
52.80000000000048 17.0907
52.900000000000482 17.6671
53.000000000000483 18.2801
53.100000000000485 18.8731
53.200000000000486 19.2929
53.300000000000487 19.9059
53.400000000000489 20.4517
53.50000000000049 20.9355
53.600000000000492 10.4678
53.700000000000493 10.4678
53.800000000000495 11.209
53.900000000000496 11.9879
54.000000000000497 12.7189
54.100000000000499 13.5585
54.2000000000005 14.1377
54.300000000000502 14.8973
54.400000000000503 15.5554
54.500000000000504 16.1868
54.600000000000506 16.7345
54.700000000000507 17.3805
54.800000000000509 17.9476
54.90000000000051 18.4972
55.000000000000512 19.0834
55.100000000000513 19.6011
55.200000000000514 20.1552
55.300000000000516 20.5974
55.400000000000517 10.4674
55.500000000000519 10.4674
55.60000000000052 10.6576
55.700000000000522 11.4743
55.800000000000523 12.3179
55.900000000000524 13.0302
56.000000000000526 13.8509
56.100000000000527 14.5567
56.200000000000529 15.2297
56.30000000000053 15.937
56.400000000000531 16.4931
56.500000000000533 17.1482
56.600000000000534 17.7227
56.700000000000536 18.3338
56.800000000000537 18.819
56.900000000000539 19.3438
57.00000000000054 19.9051
57.100000000000541 20.3527
57.200000000000543 20.8868
57.300000000000544 10.4674
57.400000000000546 10.4674
57.500000000000547 11.2087
57.600000000000549 11.9876
57.70000000000055 12.7972
57.800000000000551 13.4841
57.900000000000553 14.2786
58.000000000000554 15.0309
58.100000000000556 15.6194
58.200000000000557 16.3098
58.300000000000558 17.031
58.40000000000056 17.5523
58.500000000000561 18.114
58.600000000000563 18.7122
58.700000000000564 19.2919
58.800000000000566 19.7028
58.900000000000567 9.97763
59.000000000000568 9.97763
59.10000000000057 10.4691
59.200000000000571 11.2995
59.300000000000573 12.1553
59.400000000000574 12.7986
59.500000000000576 13.6333
59.600000000000577 14.4195
59.700000000000578 15.0321
59.80000000000058 15.7484
59.900000000000581 16.4333
60.000000000000583 16.9731
60.100000000000584 17.6103
60.200000000000585 18.2252
60.300000000000587 18.8199
60.400000000000588 19.2409
60.50000000000059 19.8051
60.600000000000591 20.3536
60.700000000000593 20.8397
60.800000000000594 10.4678
60.900000000000595 10.4678
61.000000000000597 11.0284
61.100000000000598 11.8193
61.2000000000006 12.6398
61.300000000000601 13.4098
61.400000000000603 14.0666
61.500000000000604 14.7621
61.600000000000605 15.4261
61.700000000000607 16.1247
61.800000000000608 16.6746
61.90000000000061 17.3228
62.000000000000611 17.8917
62.100000000000612 18.4429
62.200000000000614 18.9782
62.300000000000615 19.4987
62.400000000000617 20.0556
62.500000000000618 20.5487
62.60000000000062 10.4674
62.700000000000621 10.4674
62.800000000000622 10.563
62.900000000000624 11.4743
63.000000000000625 12.2362
63.100000000000627 12.8754
63.200000000000628 13.7054
63.30000000000063 14.4183
63.400000000000631 15.0975
63.500000000000632 15.874
63.600000000000634 16.4323
63.700000000000635 17.0897
63.800000000000637 17.6661
63.900000000000638 18.2791
64.000000000000639 18.7123
64.100000000000634 19.24
64.200000000000628 19.8042
64.300000000000622 20.3035
64.400000000000617 20.8388
64.500000000000611 10.4674
64.600000000000605 10.4674
64.7000000000006 11.1187
64.800000000000594 11.9036
64.900000000000588 12.6394
65.000000000000583 13.3345
65.100000000000577 14.2082
65.200000000000571 14.9641
65.300000000000566 15.5552
65.40000000000056 16.2483
65.500000000000554 16.9129
65.600000000000549 17.5523
65.700000000000543 18.003
65.800000000000537 18.6049
65.900000000000531 19.24
66.000000000000526 19.6519
66.10000000000052 9.97763
66.200000000000514 9.97763
66.300000000000509 10.3727
66.400000000000503 11.2103
66.500000000000497 11.9891
66.600000000000492 12.6408
66.700000000000486 13.4854
66.80000000000048 14.2798
66.900000000000475 14.9653
67.000000000000469 15.6846
67.100000000000463 16.3722
67.200000000000458 16.9731
67.300000000000452 17.4962
67.400000000000446 18.1149
67.500000000000441 18.7132
67.600000000000435 19.1365
67.700000000000429 19.7544
67.800000000000423 20.3043
67.900000000000418 20.7916
68.000000000000412 10.4678
68.100000000000406 10.4678
68.200000000000401 10.937
68.300000000000395 11.7341
68.400000000000389 12.48
68.500000000000384 13.3348
68.600000000000378 13.9952
68.700000000000372 14.694
68.800000000000367 15.4261
68.900000000000361 16
69.000000000000355 16.554
69.10000000000035 17.2068
69.200000000000344 17.7793
69.300000000000338 18.3886
69.400000000000333 18.9253
69.500000000000327 19.4472
69.600000000000321 20.0056
69.700000000000315 20.4511
69.80000000000031 20.9349
69.900000000000304 10.4674
70.000000000000298 10.563
70.100000000000293 11.3865
70.200000000000287 12.0711
70.300000000000281 12.7972
70.400000000000276 13.632
70.50000000000027 14.3486
70.600000000000264 15.0975
70.700000000000259 15.7473
70.800000000000253 16.3099
70.900000000000247 16.9721
71.000000000000242 17.5524
71.100000000000236 18.2242
71.20000000000023 18.6587
71.300000000000225 19.24
71.400000000000219 19.7536
71.500000000000213 20.2541
71.600000000000207 20.7425
71.700000000000202 10.4674
71.800000000000196 10.4674
71.90000000000019 10.9366
72.000000000000185 11.7337
72.100000000000179 12.5598
72.200000000000173 13.2591
72.300000000000168 14.0663
72.400000000000162 14.8295
72.500000000000156 15.4258
72.600000000000151 16.1245
72.700000000000145 16.8536
72.800000000000139 17.4952
72.900000000000134 17.9473
73.000000000000128 18.551
73.100000000000122 19.1356
73.200000000000117 19.5497
73.300000000000111 9.97763
73.400000000000105 9.97763
73.500000000000099 10.1771
73.600000000000094 11.0297
73.700000000000088 11.9891
73.800000000000082 12.5612
73.900000000000077 13.4108
74.000000000000071 14.2094
74.100000000000065 14.8982
74.20000000000006 15.5563
74.300000000000054 16.2494
74.400000000000048 16.914
74.500000000000043 17.4388
74.600000000000037 18.0596
74.700000000000031 18.6596
74.800000000000026 19.0841
74.90000000000002 19.6528
75.000000000000014 20.2055
75.100000000000009 20.7434
75.200000000000003 10.4678
75.299999999999997 10.4678
75.399999999999991 10.8448
75.499999999999986 11.6482
75.59999999999998 12.48
75.699999999999974 13.2594
75.799999999999969 13.9234
75.899999999999963 14.557
75.999999999999957 15.2956
76.099999999999952 15.9372
76.199999999999946 16.4933
76.29999999999994 17.1484
76.399999999999935 17.7229
76.499999999999929 18.334
76.599999999999923 18.8192
76.699999999999918 19.3957
76.799999999999912 19.9052
76.899999999999906 20.402
76.999999999999901 20.9349
77.099999999999895 10.4674
77.199999999999889 10.4674
77.299999999999883 11.298
77.399999999999878 11.9876
77.499999999999872 12.7186
77.599999999999866 13.4841
77.699999999999861 14.2082
77.799999999999855 14.9641
77.899999999999849 15.6835
77.999999999999844 16.2483
78.099999999999838 16.913
78.199999999999832 17.4952
78.299999999999827 18.114
78.399999999999821 18.551
78.499999999999815 19.1356
78.59999999999981 19.6519
78.699999999999804 20.2046
78.799999999999798 20.6942
78.899999999999793 10.4674
78.999999999999787 10.4674
79.099999999999781 10.8444
79.199999999999775 11.6479
79.29999999999977 12.399
79.399999999999764 13.1069
79.499999999999758 13.9949
79.599999999999753 14.7618
79.699999999999747 15.4258
79.799999999999741 16.0622
79.899999999999736 16.7343
79.99999999999973 17.3803
80.099999999999724 17.8354
80.199999999999719 18.4427
80.299999999999713 19.0832
80.399999999999707 19.5497
80.499999999999702 19.9553
80.599999999999696 9.97763
80.69999999999969 10.0779
80.799999999999685 11.0297
80.899999999999679 11.9051
80.999999999999673 12.4811
81.099999999999667 13.3358
81.199999999999662 14.0676
81.299999999999656 14.8307
81.39999999999965 15.4918
81.499999999999645 16.1876
81.599999999999639 16.8546
81.699999999999633 17.3236
81.799999999999628 17.9483
81.899999999999622 18.552
81.999999999999616 19.0316
82.099999999999611 19.6018
82.199999999999605 20.1558
82.299999999999599 20.695
82.399999999999594 10.4678
82.499999999999588 10.4678
82.599999999999582 10.7518
82.699999999999577 11.5617
82.799999999999571 12.3994
82.899999999999565 13.1835
82.999999999999559 13.8512
83.099999999999554 14.4879
83.199999999999548 15.2299
83.299999999999542 15.811
83.399999999999537 16.3714
83.499999999999531 17.0312
83.599999999999525 17.6095
83.69999999999952 18.2793
83.799999999999514 18.7659
83.899999999999508 19.344
83.999999999999503 19.8549
84.099999999999497 20.3529
84.199999999999491 20.839
84.299999999999486 10.4674
84.39999999999948 10.4674
84.499999999999474 11.1188
84.599999999999469 11.819
84.699999999999463 12.6395
84.799999999999457 13.4095
84.899999999999451 14.1375
84.999999999999446 14.897
85.09999999999944 15.5552
85.199999999999434 16.2483
85.299999999999429 16.7941
85.399999999999423 17.3803
85.499999999999417 18.0586
85.599999999999412 18.497
85.699999999999406 19.0832
85.7999999999994 19.6009
85.899999999999395 20.155
85.999999999999389 20.5972
86.099999999999383 10.4674
86.199999999999378 10.4674
86.299999999999372 10.6576
86.399999999999366 11.4742
86.499999999999361 12.399
86.599999999999355 13.0302
86.699999999999349 13.8509
86.799999999999343 14.6254
86.899999999999338 15.3607
86.999999999999332 15.937
87.099999999999326 16.6743
87.199999999999321 17.3225
87.299999999999315 17.7791
87.399999999999309 18.3883
87.499999999999304 18.9779
87.599999999999298 19.4984
87.699999999999292 19.9553
87.799999999999287 9.97763
87.899999999999281 10.0779
87.999999999999275 10.9383
88.09999999999927 11.7352
88.199999999999264 12.4811
88.299999999999258 13.1846
88.399999999999253 13.9962
88.499999999999247 14.763
88.599999999999241 15.3618
88.699999999999235 16.0633
88.79999999999923 16.7353
88.899999999999224 17.2657
88.999999999999218 17.8924
89.099999999999213 18.4979
89.199999999999207 19.0316
89.299999999999201 19.4994
89.399999999999196 20.0563
89.49999999999919 20.5981
89.599999999999184 20.9355
89.699999999999179 10.4678
89.799999999999173 10.5633
89.899999999999167 11.3868
89.999999999999162 12.2365
90.099999999999156 12.9533
90.19999999999915 13.7056
90.299999999999145 14.3489
90.399999999999139 15.0977
90.499999999999133 15.7475
90.599999999999127 16.3714
90.699999999999122 16.9132
90.799999999999116 17.4954
90.89999999999911 18.1142
90.999999999999105 18.6589
91.099999999999099 19.2402
91.199999999999093 19.7538
91.299999999999088 20.3037
91.399999999999082 20.7427
91.499999999999076 10.4674
91.599999999999071 10.4674
91.699999999999065 10.9367
91.799999999999059 11.6479
91.899999999999054 12.5599
91.999999999999048 13.2591
92.099999999999042 13.995
92.199999999999037 14.7618
92.299999999999031 15.4258
92.399999999999025 16.1245
92.499999999999019 16.6744
92.599999999999014 17.2647
92.699999999999008 17.8915
92.799999999999002 18.3884
92.899999999998997 18.978
92.999999999998991 19.4985
93.099999999998985 20.0554
93.19999999999898 20.4998
93.299999999998974 20.9347
93.399999999998968 10.4674
93.499999999998963 10.5629
93.599999999998957 11.4742
93.699999999998951 12.2361
93.799999999998946 12.953
93.89999999999894 13.7053
93.999999999998934 14.4876
94.099999999998929 15.2296
94.199999999998923 15.8107
94.299999999998917 16.4931
94.399999999998911 17.2065
94.499999999998906 17.6661
94.5999999999989 18.2791
94.699999999998894 18.8721
94.799999999998889 19.447
94.899999999998883 19.8547
94.999999999998877 9.97763
95.099999999998872 9.97763
95.199999999998866 10.7531
95.29999999999886 11.5629
95.399999999998855 12.4005
95.499999999998849 13.0315
95.599999999998843 13.8522
95.699999999998838 14.6266
95.799999999998832 15.2308
95.899999999998826 15.9381
95.99999999999882 16.6152
96.099999999998815 17.1492
96.199999999998809 17.7801
96.299999999998803 18.3893
96.399999999998798 18.926
96.499999999998792 19.3964
96.599999999998786 19.9562
96.699999999998781 20.5006
96.799999999998775 20.9355
96.899999999998769 10.4678
96.999999999998764 10.5633
97.099999999998758 11.2983
97.199999999998752 12.0713
97.299999999998747 12.8756
97.399999999998741 13.6323
97.499999999998735 14.2085
97.59999999999873 14.9644
97.699999999998724 15.6197
97.799999999998718 16.3101
97.899999999998712 16.8538
97.999999999998707 17.4381
98.099999999998701 18.0588
98.199999999998695 18.5512
98.29999999999869 19.1358
98.399999999998684 19.6521
98.499999999998678 20.2048
98.599999999998673 20.6944
98.699999999998667 10.4674
98.799999999998661 10.4674
98.899999999998656 10.8445
98.99999999999865 11.5614
99.099999999998644 12.3991
99.199999999998639 13.107
99.299999999998633 13.9231
99.399999999998627 14.6254
99.499999999998622 15.2953
99.599999999998616 16.0623
99.69999999999861 16.6142
99.799999999998604 17.2066
99.899999999998599 17.8354
99.999999999998593 18.3338
100.09999999999859 18.8722
100.19999999999858 19.3955
100.29999999999858 19.9553
100.39999999999857 20.4019
100.49999999999856 20.9347
100.59999999999856 10.4674
100.69999999999855 10.5629
100.79999999999855 11.3864
100.89999999999854 12.1538
100.99999999999854 12.8753
101.09999999999853 13.5582
101.19999999999852 14.4183
101.29999999999852 15.1637
101.39999999999851 15.7472
101.49999999999851 16.4322
101.5999999999985 17.0897
101.6999999999985 17.6093
101.79999999999849 18.1692
101.89999999999849 18.7657
101.99999999999848 19.3955
102.09999999999847 19.8042
102.19999999999847 9.97763
102.29999999999846 9.97763
102.39999999999846 10.6592
102.49999999999845 11.4758
102.59999999999845 12.2376
102.69999999999844 12.8767
102.79999999999843 13.7066
102.89999999999843 14.4889
102.99999999999842 15.1649
103.09999999999842 15.8751
103.19999999999841 16.5548
103.29999999999841 17.0907
103.3999999999984 17.6671
103.49999999999839 18.2801
103.59999999999839 18.8731
103.69999999999838 19.2929
103.79999999999838 19.8556
103.89999999999837 20.4517
103.99999999999837 20.9355
104.09999999999836 10.4678
104.19999999999835 10.4678
104.29999999999835 11.209
104.39999999999834 11.9879
104.49999999999834 12.7189
104.59999999999833 13.5585
104.69999999999833 14.1377
104.79999999999832 14.8973
104.89999999999831 15.5554
104.99999999999831 16.1868
105.0999999999983 16.7345
105.1999999999983 17.3805
105.29999999999829 17.9476
105.39999999999829 18.4972
105.49999999999828 19.0834
105.59999999999827 19.6011
105.69999999999827 20.1552
105.79999999999826 20.5974
105.89999999999826 10.4674
105.99999999999825 10.4674
106.09999999999825 10.6576
106.19999999999824 11.4743
106.29999999999824 12.3179
106.39999999999823 13.0302
106.49999999999822 13.8509
106.59999999999822 14.5567
106.69999999999821 15.2297
106.79999999999821 15.937
106.8999999999982 16.4931
106.9999999999982 17.1482
107.09999999999819 17.7227
107.19999999999818 18.3338
107.29999999999818 18.819
107.39999999999817 19.3438
107.49999999999817 19.9051
107.59999999999816 20.3527
107.69999999999816 20.8868
107.79999999999815 10.4674
107.89999999999814 10.4674
107.99999999999814 11.2087
108.09999999999813 11.9876
108.19999999999813 12.7972
108.29999999999812 13.4841
108.39999999999812 14.2786
108.49999999999811 15.0309
108.5999999999981 15.6194
108.6999999999981 16.3098
108.79999999999809 17.031
108.89999999999809 17.5523
108.99999999999808 18.114
109.09999999999808 18.7122
109.19999999999807 19.2919
109.29999999999806 19.7028
109.39999999999806 9.97763
109.49999999999805 9.97763
109.59999999999805 10.4691
109.69999999999804 11.2995
109.79999999999804 12.1553
109.89999999999803 12.7986
109.99999999999802 13.6333
110.09999999999802 14.4195
110.19999999999801 15.0321
110.29999999999801 15.7484
110.399999999998 16.4333
110.499999999998 16.9731
110.59999999999799 17.6103
110.69999999999798 18.2252
110.79999999999798 18.8199
110.89999999999797 19.2409
110.99999999999797 19.8051
111.09999999999796 20.3536
111.19999999999796 20.8397
111.29999999999795 10.4678
111.39999999999795 10.4678
111.49999999999794 11.0284
111.59999999999793 11.8193
111.69999999999793 12.6398
111.79999999999792 13.4098
111.89999999999792 14.0666
111.99999999999791 14.7621
112.09999999999791 15.4261
112.1999999999979 16.1247
112.29999999999789 16.6746
112.39999999999789 17.3228
112.49999999999788 17.8917
112.59999999999788 18.4429
112.69999999999787 18.9782
112.79999999999787 19.4987
112.89999999999786 20.0556
112.99999999999785 20.5487
113.09999999999785 10.4674
113.19999999999784 10.4674
113.29999999999784 10.563
113.39999999999783 11.4743
113.49999999999783 12.2362
113.59999999999782 12.8754
113.69999999999781 13.7054
113.79999999999781 14.4183
113.8999999999978 15.0975
113.9999999999978 15.874
114.09999999999779 16.4323
114.19999999999779 17.0897
114.29999999999778 17.6661
114.39999999999777 18.2791
114.49999999999777 18.7123
114.59999999999776 19.24
114.69999999999776 19.8042
114.79999999999775 20.3035
114.89999999999775 20.8388
114.99999999999774 10.4674
115.09999999999773 10.4674
115.19999999999773 11.1187
115.29999999999772 11.9036
115.39999999999772 12.6394
115.49999999999771 13.3345
115.59999999999771 14.2082
115.6999999999977 14.9641
115.79999999999769 15.5552
115.89999999999769 16.2483
115.99999999999768 16.9129
116.09999999999768 17.5523
116.19999999999767 18.003
116.29999999999767 18.6049
116.39999999999766 19.24
116.49999999999766 19.6519
116.59999999999765 9.97763
116.69999999999764 9.97763
116.79999999999764 10.3727
116.89999999999763 11.2103
116.99999999999763 11.9891
117.09999999999762 12.6408
117.19999999999762 13.4854
117.29999999999761 14.2798
117.3999999999976 14.9653
117.4999999999976 15.6846
117.59999999999759 16.3722
117.69999999999759 16.9731
117.79999999999758 17.4962
117.89999999999758 18.1149
117.99999999999757 18.7132
118.09999999999756 19.1365
118.19999999999756 19.7544
118.29999999999755 20.3043
118.39999999999755 20.7916
118.49999999999754 10.4678
118.59999999999754 10.4678
118.69999999999753 10.937
118.79999999999752 11.7341
118.89999999999752 12.48
118.99999999999751 13.3348
119.09999999999751 13.9952
119.1999999999975 14.694
119.2999999999975 15.4261
119.39999999999749 16
119.49999999999748 16.554
119.59999999999748 17.2068
119.69999999999747 17.7793
119.79999999999747 18.3886
119.89999999999746 18.9253
119.99999999999746 19.4472
120.09999999999745 20.0056
120.19999999999744 20.4511
120.29999999999744 20.9349
120.39999999999743 10.4674
120.49999999999743 10.563
120.59999999999742 11.3865
120.69999999999742 12.0711
120.79999999999741 12.7972
120.89999999999741 13.632
120.9999999999974 14.3486
121.09999999999739 15.0975
121.19999999999739 15.7473
121.29999999999738 16.3099
121.39999999999738 16.9721
121.49999999999737 17.5524
121.59999999999737 18.2242
121.69999999999736 18.6587
121.79999999999735 19.24
121.89999999999735 19.7536
121.99999999999734 20.2541
122.09999999999734 20.7425
122.19999999999733 10.4674
122.29999999999733 10.4674
122.39999999999732 10.9366
122.49999999999731 11.7337
122.59999999999731 12.5598
122.6999999999973 13.2591
122.7999999999973 14.0663
122.89999999999729 14.8295
122.99999999999729 15.4258
123.09999999999728 16.1245
123.19999999999727 16.8536
123.29999999999727 17.4952
123.39999999999726 17.9473
123.49999999999726 18.551
123.59999999999725 19.1356
123.69999999999725 19.5497
123.79999999999724 9.97763
123.89999999999723 9.97763
123.99999999999723 10.1771
124.09999999999722 11.0297
124.19999999999722 11.9891
124.29999999999721 12.5612
124.39999999999721 13.4108
124.4999999999972 14.2094
124.59999999999719 14.8982
124.69999999999719 15.5563
124.79999999999718 16.2494
124.89999999999718 16.914
124.99999999999717 17.4388
125.09999999999717 18.0596
125.19999999999716 18.6596
125.29999999999715 19.0841
125.39999999999715 19.6528
125.49999999999714 20.2055
125.59999999999714 20.7434
125.69999999999713 10.4678
125.79999999999713 10.4678
125.89999999999712 10.8448
125.99999999999712 11.6482
126.09999999999711 12.48
126.1999999999971 13.2594
126.2999999999971 13.9234
126.39999999999709 14.557
126.49999999999709 15.2956
126.59999999999708 15.9372
126.69999999999708 16.4933
126.79999999999707 17.1484
126.89999999999706 17.7229
126.99999999999706 18.334
127.09999999999705 18.8192
127.19999999999705 19.3957
127.29999999999704 19.9052
127.39999999999704 20.402
127.49999999999703 20.9349
127.59999999999702 10.4674
127.69999999999702 10.4674
127.79999999999701 11.298
127.89999999999701 11.9876
127.999999999997 12.7186
128.09999999999701 13.4841
128.199999999997 14.2082
128.299999999997 14.9641
128.39999999999699 15.6835
128.49999999999699 16.2483
128.59999999999698 16.913
128.69999999999698 17.4952
128.79999999999697 18.114
128.89999999999696 18.551
128.99999999999696 19.1356
129.09999999999695 19.6519
129.19999999999695 20.2046
129.29999999999694 20.6942
129.39999999999694 10.4674
129.49999999999693 10.4674
129.59999999999692 10.8444
129.69999999999692 11.6479
129.79999999999691 12.399
129.89999999999691 13.1069
129.9999999999969 13.9949
130.0999999999969 14.7618
130.19999999999689 15.4258
130.29999999999688 16.0622
130.39999999999688 16.7343
130.49999999999687 17.3803
130.59999999999687 17.8354
130.69999999999686 18.4427
130.79999999999686 19.0832
130.89999999999685 19.5497
130.99999999999685 19.9553
131.09999999999684 9.97763
131.19999999999683 10.0779
131.29999999999683 11.0297
131.39999999999682 11.9051
131.49999999999682 12.4811
131.59999999999681 13.3358
131.69999999999681 14.0676
131.7999999999968 14.8307
131.89999999999679 15.4918
131.99999999999679 16.1876
132.09999999999678 16.8546
132.19999999999678 17.3236
132.29999999999677 17.9483
132.39999999999677 18.552
132.49999999999676 19.0316
132.59999999999675 19.6018
132.69999999999675 20.1558
132.79999999999674 20.695
132.89999999999674 10.4678
132.99999999999673 10.4678
133.09999999999673 10.7518
133.19999999999672 11.5617
133.29999999999671 12.3994
133.39999999999671 13.1835
133.4999999999967 13.8512
133.5999999999967 14.4879
133.69999999999669 15.2299
133.79999999999669 15.811
133.89999999999668 16.3714
133.99999999999667 17.0312
134.09999999999667 17.6095
134.19999999999666 18.2793
134.29999999999666 18.7659
134.39999999999665 19.344
134.49999999999665 19.8549
134.59999999999664 20.3529
134.69999999999663 20.839
134.79999999999663 10.4674
134.89999999999662 10.4674
134.99999999999662 11.1188
135.09999999999661 11.819
135.19999999999661 12.6395
135.2999999999966 13.4095
135.3999999999966 14.1375
135.49999999999659 14.897
135.59999999999658 15.5552
135.69999999999658 16.2483
135.79999999999657 16.7941
135.89999999999657 17.3803
135.99999999999656 18.0586
136.09999999999656 18.497
136.19999999999655 19.0832
136.29999999999654 19.6009
136.39999999999654 20.155
136.49999999999653 20.5972
136.59999999999653 10.4674
136.69999999999652 10.4674
136.79999999999652 10.6576
136.89999999999651 11.4742
136.9999999999965 12.399
137.0999999999965 13.0302
137.19999999999649 13.8509
137.29999999999649 14.6254
137.39999999999648 15.3607
137.49999999999648 15.937
137.59999999999647 16.6743
137.69999999999646 17.3225
137.79999999999646 17.7791
137.89999999999645 18.3883
137.99999999999645 18.9779
138.09999999999644 19.4984
138.19999999999644 19.9553
138.29999999999643 9.97763
138.39999999999642 10.0779
138.49999999999642 10.9383
138.59999999999641 11.7352
138.69999999999641 12.4811
138.7999999999964 13.1846
138.8999999999964 13.9962
138.99999999999639 14.763
139.09999999999638 15.3618
139.19999999999638 16.0633
139.29999999999637 16.7353
139.39999999999637 17.2657
139.49999999999636 17.8924
139.59999999999636 18.4979
139.69999999999635 19.0316
139.79999999999634 19.4994
139.89999999999634 20.0563
139.99999999999633 20.5981
140.09999999999633 20.9355
140.19999999999632 10.4678
140.29999999999632 10.5633
140.39999999999631 11.3868
140.49999999999631 12.2365
140.5999999999963 12.9533
140.69999999999629 13.7056
140.79999999999629 14.3489
140.89999999999628 15.0977
140.99999999999628 15.7475
141.09999999999627 16.3714
141.19999999999627 16.9132
141.29999999999626 17.4954
141.39999999999625 18.1142
141.49999999999625 18.6589
141.59999999999624 19.2402
141.69999999999624 19.7538
141.79999999999623 20.3037
141.89999999999623 20.7427
141.99999999999622 10.4674
142.09999999999621 10.4674
142.19999999999621 10.9367
142.2999999999962 11.6479
142.3999999999962 12.5599
142.49999999999619 13.2591
142.59999999999619 13.995
142.69999999999618 14.7618
142.79999999999617 15.4258
142.89999999999617 16.1245
142.99999999999616 16.6744
143.09999999999616 17.2647
143.19999999999615 17.8915
143.29999999999615 18.3884
143.39999999999614 18.978
143.49999999999613 19.4985
143.59999999999613 20.0554
143.69999999999612 20.4998
143.79999999999612 20.9347
143.89999999999611 10.4674
143.99999999999611 10.5629
144.0999999999961 11.4742
144.19999999999609 12.2361
144.29999999999609 12.953
144.39999999999608 13.7053
144.49999999999608 14.4876
144.59999999999607 15.2296
144.69999999999607 15.8107
144.79999999999606 16.4931
144.89999999999606 17.2065
144.99999999999605 17.6661
145.09999999999604 18.2791
145.19999999999604 18.8721
145.29999999999603 19.447
145.39999999999603 19.8547
145.49999999999602 9.97763
145.59999999999602 9.97763
145.69999999999601 10.7531
145.799999999996 11.5629
145.899999999996 12.4005
145.99999999999599 13.0315
146.09999999999599 13.8522
146.19999999999598 14.6266
146.29999999999598 15.2308
146.39999999999597 15.9381
146.49999999999596 16.6152
146.59999999999596 17.1492
146.69999999999595 17.7801
146.79999999999595 18.3893
146.89999999999594 18.926
146.99999999999594 19.3964
147.09999999999593 19.9562
147.19999999999592 20.5006
147.29999999999592 20.9355
147.39999999999591 10.4678
147.49999999999591 10.5633
147.5999999999959 11.2983
147.6999999999959 12.0713
147.79999999999589 12.8756
147.89999999999588 13.6323
147.99999999999588 14.2085
148.09999999999587 14.9644
148.19999999999587 15.6197
148.29999999999586 16.3101
148.39999999999586 16.8538
148.49999999999585 17.4381
148.59999999999584 18.0588
148.69999999999584 18.5512
148.79999999999583 19.1358
148.89999999999583 19.6521
148.99999999999582 20.2048
149.09999999999582 20.6944
149.19999999999581 10.4674
149.2999999999958 10.4674
149.3999999999958 10.8445
149.49999999999579 11.5614
149.59999999999579 12.3991
149.69999999999578 13.107
149.79999999999578 13.9231
149.89999999999577 14.6254
149.99999999999577 15.2953
150.09999999999576 16.0623
150.19999999999575 16.6142
150.29999999999575 17.2066
150.39999999999574 17.8354
150.49999999999574 18.3338
150.59999999999573 18.8722
150.69999999999573 19.3955
150.79999999999572 19.9553
150.89999999999571 20.4019
150.99999999999571 20.9347
151.0999999999957 10.4674
151.1999999999957 10.5629
151.29999999999569 11.3864
151.39999999999569 12.1538
151.49999999999568 12.8753
151.59999999999567 13.5582
151.69999999999567 14.4183
151.79999999999566 15.1637
151.89999999999566 15.7472
151.99999999999565 16.4322
152.09999999999565 17.0897
152.19999999999564 17.6093
152.29999999999563 18.1692
152.39999999999563 18.7657
152.49999999999562 19.3955
152.59999999999562 19.8042
152.69999999999561 9.97763
152.79999999999561 9.97763
152.8999999999956 10.6592
152.99999999999559 11.4758
153.09999999999559 12.2376
153.19999999999558 12.8767
153.29999999999558 13.7066
153.39999999999557 14.4889
153.49999999999557 15.1649
153.59999999999556 15.8751
153.69999999999555 16.5548
153.79999999999555 17.0907
153.89999999999554 17.6671
153.99999999999554 18.2801
154.09999999999553 18.8731
154.19999999999553 19.2929
154.29999999999552 19.8556
154.39999999999552 20.4517
154.49999999999551 20.9355
154.5999999999955 10.4678
154.6999999999955 10.4678
154.79999999999549 11.209
154.89999999999549 11.9879
154.99999999999548 12.7189
155.09999999999548 13.5585
155.19999999999547 14.1377
155.29999999999546 14.8973
155.39999999999546 15.5554
155.49999999999545 16.1868
155.59999999999545 16.7345
155.69999999999544 17.3805
155.79999999999544 17.9476
155.89999999999543 18.4972
155.99999999999542 19.0834
156.09999999999542 19.6011
156.19999999999541 20.1552
156.29999999999541 20.5974
156.3999999999954 10.4674
156.4999999999954 10.4674
156.59999999999539 10.6576
156.69999999999538 11.4743
156.79999999999538 12.3179
156.89999999999537 13.0302
156.99999999999537 13.8509
157.09999999999536 14.5567
157.19999999999536 15.2297
157.29999999999535 15.937
157.39999999999534 16.4931
157.49999999999534 17.1482
157.59999999999533 17.7227
157.69999999999533 18.3338
157.79999999999532 18.819
157.89999999999532 19.3438
157.99999999999531 19.9051
158.0999999999953 20.3527
158.1999999999953 20.8868
158.29999999999529 10.4674
158.39999999999529 10.4674
158.49999999999528 11.2087
158.59999999999528 11.9876
158.69999999999527 12.7972
158.79999999999526 13.4841
158.89999999999526 14.2786
158.99999999999525 15.0309
159.09999999999525 15.6194
159.19999999999524 16.3098
159.29999999999524 17.031
159.39999999999523 17.5523
159.49999999999523 18.114
159.59999999999522 18.7122
159.69999999999521 19.2919
159.79999999999521 19.7028
159.8999999999952 9.97763
159.9999999999952 9.97763
160.09999999999519 10.4691
160.19999999999519 11.2995
160.29999999999518 12.1553
160.39999999999517 12.7986
160.49999999999517 13.6333
160.59999999999516 14.4195
160.69999999999516 15.0321
160.79999999999515 15.7484
160.89999999999515 16.4333
160.99999999999514 16.9731
161.09999999999513 17.6103
161.19999999999513 18.2252
161.29999999999512 18.8199
161.39999999999512 19.2409
161.49999999999511 19.8051
161.59999999999511 20.3536
161.6999999999951 20.8397
161.79999999999509 10.4678
161.89999999999509 10.4678
161.99999999999508 11.0284
162.09999999999508 11.8193
162.19999999999507 12.6398
162.29999999999507 13.4098
162.39999999999506 14.0666
162.49999999999505 14.7621
162.59999999999505 15.4261
162.69999999999504 16.1247
162.79999999999504 16.6746
162.89999999999503 17.3228
162.99999999999503 17.8917
163.09999999999502 18.4429
163.19999999999501 18.9782
163.29999999999501 19.4987
163.399999999995 20.0556
163.499999999995 20.5487
163.59999999999499 10.4674
163.69999999999499 10.4674
163.79999999999498 10.563
163.89999999999498 11.4743
163.99999999999497 12.2362
164.09999999999496 12.8754
164.19999999999496 13.7054
164.29999999999495 14.4183
164.39999999999495 15.0975
164.49999999999494 15.874
164.59999999999494 16.4323
164.69999999999493 17.0897
164.79999999999492 17.6661
164.89999999999492 18.2791
164.99999999999491 18.7123
165.09999999999491 19.24
165.1999999999949 19.8042
165.2999999999949 20.3035
165.39999999999489 20.8388
165.49999999999488 10.4674
165.59999999999488 10.4674
165.69999999999487 11.1187
165.79999999999487 11.9036
165.89999999999486 12.6394
165.99999999999486 13.3345
166.09999999999485 14.2082
166.19999999999484 14.9641
166.29999999999484 15.5552
166.39999999999483 16.2483
166.49999999999483 16.9129
166.59999999999482 17.5523
166.69999999999482 18.003
166.79999999999481 18.6049
166.8999999999948 19.24
166.9999999999948 19.6519
167.09999999999479 9.97763
167.19999999999479 9.97763
167.29999999999478 10.3727
167.39999999999478 11.2103
167.49999999999477 11.9891
167.59999999999476 12.6408
167.69999999999476 13.4854
167.79999999999475 14.2798
167.89999999999475 14.9653
167.99999999999474 15.6846
168.09999999999474 16.3722
168.19999999999473 16.9731
168.29999999999472 17.4962
168.39999999999472 18.1149
168.49999999999471 18.7132
168.59999999999471 19.1365
168.6999999999947 19.7544
168.7999999999947 20.3043
168.89999999999469 20.7916
168.99999999999469 10.4678
169.09999999999468 10.4678
169.19999999999467 10.937
169.29999999999467 11.7341
169.39999999999466 12.5601
169.49999999999466 13.3348
169.59999999999465 14.0666
169.69999999999465 14.694
169.79999999999464 15.4261
169.89999999999463 16
169.99999999999463 16.554
170.09999999999462 17.2068
170.19999999999462 17.7793
170.29999999999461 18.3886
170.39999999999461 18.9253
170.4999999999946 19.4472
170.59999999999459 20.0056
170.69999999999459 20.4511
170.79999999999458 20.9349
170.89999999999458 10.4674
170.99999999999457 10.563
171.09999999999457 11.3865
171.19999999999456 12.0711
171.29999999999455 12.7972
171.39999999999455 13.632
171.49999999999454 14.3486
171.59999999999454 15.0975
171.69999999999453 15.7473
171.79999999999453 16.3099
171.89999999999452 16.9721
171.99999999999451 17.5524
172.09999999999451 18.2242
172.1999999999945 18.6587
172.2999999999945 19.24
172.39999999999449 19.7536
172.49999999999449 20.2541
172.59999999999448 20.7425
172.69999999999447 10.4674
172.79999999999447 10.4674
172.89999999999446 10.9366
172.99999999999446 11.7337
173.09999999999445 12.5598
173.19999999999445 13.2591
173.29999999999444 14.0663
173.39999999999444 14.8295
173.49999999999443 15.4258
173.59999999999442 16.1245
173.69999999999442 16.8536
173.79999999999441 17.4952
173.89999999999441 17.9473
173.9999999999944 18.551
174.0999999999944 19.1356
174.19999999999439 19.5497
174.29999999999438 9.97763
174.39999999999438 9.97763
174.49999999999437 10.1771
174.59999999999437 11.0297
174.69999999999436 11.9891
174.79999999999436 12.5612
174.89999999999435 13.4108
174.99999999999434 14.2094
175.09999999999434 14.8982
175.19999999999433 15.5563
175.29999999999433 16.2494
175.39999999999432 16.914
175.49999999999432 17.4388
175.59999999999431 18.0596
175.6999999999943 18.6596
175.7999999999943 19.0841
175.89999999999429 19.6528
175.99999999999429 20.2055
176.09999999999428 20.7434
176.19999999999428 10.4678
176.29999999999427 10.4678
176.39999999999426 10.8448
176.49999999999426 11.5617
176.59999999999425 12.48
176.69999999999425 13.2594
176.79999999999424 13.9234
176.89999999999424 14.557
176.99999999999423 15.2956
177.09999999999422 15.9372
177.19999999999422 16.4933
177.29999999999421 17.1484
177.39999999999421 17.7229
177.4999999999942 18.334
177.5999999999942 18.8192
177.69999999999419 19.3957
177.79999999999418 19.9052
177.89999999999418 20.402
177.99999999999417 20.9349
178.09999999999417 10.4674
178.19999999999416 10.4674
178.29999999999416 11.298
178.39999999999415 11.9876
178.49999999999415 12.7186
178.59999999999414 13.4841
178.69999999999413 14.2082
178.79999999999413 14.9641
178.89999999999412 15.6835
178.99999999999412 16.2483
179.09999999999411 16.913
179.19999999999411 17.4952
179.2999999999941 18.114
179.39999999999409 18.551
179.49999999999409 19.1356
179.59999999999408 19.6519
179.69999999999408 20.2046
179.79999999999407 20.6942
179.89999999999407 10.4674
179.99999999999406 10.4674
180.09999999999405 10.8444
180.19999999999405 11.6479
180.29999999999404 12.399
180.39999999999404 13.1069
180.49999999999403 13.9949
180.59999999999403 14.7618
180.69999999999402 15.4258
180.79999999999401 16.0622
180.89999999999401 16.7343
180.999999999994 17.3803
181.099999999994 17.8354
181.19999999999399 18.4427
181.29999999999399 19.0832
181.39999999999398 19.5497
181.49999999999397 19.9553
181.59999999999397 9.97763
181.69999999999396 10.0779
181.79999999999396 11.0297
181.89999999999395 11.9051
181.99999999999395 12.4811
182.09999999999394 13.3358
182.19999999999393 14.0676
182.29999999999393 14.8307
182.39999999999392 15.4918
182.49999999999392 16.1876
182.59999999999391 16.8546
182.69999999999391 17.3236
182.7999999999939 17.9483
182.8999999999939 18.552
182.99999999999389 19.0316
183.09999999999388 19.6018
183.19999999999388 20.1558
183.29999999999387 20.695
183.39999999999387 10.4678
183.49999999999386 10.4678
183.59999999999386 10.7518
183.69999999999385 11.5617
183.79999999999384 12.3994
183.89999999999384 13.1835
183.99999999999383 13.8512
184.09999999999383 14.4879
184.19999999999382 15.2299
184.29999999999382 15.811
184.39999999999381 16.3714
184.4999999999938 17.0312
184.5999999999938 17.6095
184.69999999999379 18.2793
184.79999999999379 18.7659
184.89999999999378 19.344
184.99999999999378 19.8549
185.09999999999377 20.3529
185.19999999999376 20.839
185.29999999999376 10.4674
185.39999999999375 10.4674
185.49999999999375 11.1188
185.59999999999374 11.819
185.69999999999374 12.6395
185.79999999999373 13.4095
185.89999999999372 14.1375
185.99999999999372 14.897
186.09999999999371 15.5552
186.19999999999371 16.2483
186.2999999999937 16.7941
186.3999999999937 17.3803
186.49999999999369 18.0586
186.59999999999368 18.497
186.69999999999368 19.0832
186.79999999999367 19.6009
186.89999999999367 20.155
186.99999999999366 20.5972
187.09999999999366 10.4674
187.19999999999365 10.4674
187.29999999999364 10.6576
187.39999999999364 11.4742
187.49999999999363 12.399
187.59999999999363 13.0302
187.69999999999362 13.8509
187.79999999999362 14.6254
187.89999999999361 15.3607
187.99999999999361 15.937
188.0999999999936 16.6743
188.19999999999359 17.3225
188.29999999999359 17.7791
188.39999999999358 18.3883
188.49999999999358 18.9779
188.59999999999357 19.4984
188.69999999999357 19.9553
188.79999999999356 9.97763
188.89999999999355 10.0779
188.99999999999355 10.9383
189.09999999999354 11.7352
189.19999999999354 12.4811
189.29999999999353 13.1846
189.39999999999353 13.9962
189.49999999999352 14.763
189.59999999999351 15.3618
189.69999999999351 16.0633
189.7999999999935 16.7353
189.8999999999935 17.2657
189.99999999999349 17.8924
190.09999999999349 18.4979
190.19999999999348 19.0316
190.29999999999347 19.4994
190.39999999999347 20.0563
190.49999999999346 20.5981
190.59999999999346 20.9355
190.69999999999345 10.4678
190.79999999999345 10.5633
190.89999999999344 11.3868
190.99999999999343 12.2365
191.09999999999343 12.9533
191.19999999999342 13.7056
191.29999999999342 14.3489
191.39999999999341 15.0977
191.49999999999341 15.7475
191.5999999999934 16.3714
191.69999999999339 16.9132
191.79999999999339 17.4954
191.89999999999338 18.1142
191.99999999999338 18.6589
192.09999999999337 19.2402
192.19999999999337 19.7538
192.29999999999336 20.3037
192.39999999999336 20.7427
192.49999999999335 10.4674
192.59999999999334 10.4674
192.69999999999334 10.9367
192.79999999999333 11.6479
192.89999999999333 12.5599
192.99999999999332 13.2591
193.09999999999332 13.995
193.19999999999331 14.7618
193.2999999999933 15.4258
193.3999999999933 16.1245
193.49999999999329 16.6744
193.59999999999329 17.2647
193.69999999999328 17.8915
193.79999999999328 18.3884
193.89999999999327 18.978
193.99999999999326 19.4985
194.09999999999326 20.0554
194.19999999999325 20.4998
194.29999999999325 20.9347
194.39999999999324 10.4674
194.49999999999324 10.5629
194.59999999999323 11.4742
194.69999999999322 12.2361
194.79999999999322 12.953
194.89999999999321 13.7053
194.99999999999321 14.4876
195.0999999999932 15.2296
195.1999999999932 15.8107
195.29999999999319 16.4931
195.39999999999318 17.2065
195.49999999999318 17.6661
195.59999999999317 18.2791
195.69999999999317 18.8721
195.79999999999316 19.447
195.89999999999316 19.8547
195.99999999999315 9.97763
196.09999999999314 9.97763
196.19999999999314 10.7531
196.29999999999313 11.5629
196.39999999999313 12.4005
196.49999999999312 13.0315
196.59999999999312 13.8522
196.69999999999311 14.6266
196.7999999999931 15.2308
196.8999999999931 15.9381
196.99999999999309 16.6152
197.09999999999309 17.1492
197.19999999999308 17.7801
197.29999999999308 18.3893
197.39999999999307 18.926
197.49999999999307 19.3964
197.59999999999306 19.9562
197.69999999999305 20.5006
197.79999999999305 20.9355
197.89999999999304 10.4678
197.99999999999304 10.5633
198.09999999999303 11.2983
198.19999999999303 12.0713
198.29999999999302 12.8756
198.39999999999301 13.6323
198.49999999999301 14.2085
198.599999999993 14.9644
198.699999999993 15.6197
198.79999999999299 16.3101
198.89999999999299 16.8538
198.99999999999298 17.4381
199.09999999999297 18.0588
199.19999999999297 18.5512
199.29999999999296 19.1358
199.39999999999296 19.6521
199.49999999999295 20.2048
199.59999999999295 20.6944
199.69999999999294 10.4674
199.79999999999293 10.4674
199.89999999999293 10.8445
199.99999999999292 11.5614
200.09999999999292 12.3991
200.19999999999291 12.4797
