0.10000000000000001 1
0.20000000000000001 1
0.30000000000000004 1
0.40000000000000002 1
0.5 1
0.59999999999999998 1
0.69999999999999996 1
0.79999999999999993 1
0.89999999999999991 1
0.99999999999999989 1
1.0999999999999999 1
1.2 2
1.3 4
1.4000000000000001 8
1.5000000000000002 16
1.6000000000000003 23
1.7000000000000004 34
1.8000000000000005 43
1.9000000000000006 21.5
2.0000000000000004 21.5
2.1000000000000005 21.5
2.2000000000000006 21.5
2.3000000000000007 1
2.4000000000000008 2
2.5000000000000009 4
2.600000000000001 7
2.7000000000000011 9
2.8000000000000012 10.2971
2.9000000000000012 10.7738
3.0000000000000013 11.1404
3.1000000000000014 12.0077
3.2000000000000015 12.894
3.3000000000000016 13.7229
3.4000000000000017 14.435
3.5000000000000018 15.1796
3.6000000000000019 15.9521
3.700000000000002 16.6286
3.800000000000002 17.2786
3.9000000000000021 17.9049
4.0000000000000018 18.5099
4.1000000000000014 19.0958
4.2000000000000011 19.6641
4.3000000000000007 20.2165
4.4000000000000004 20.8023
4.5 21.3251
4.5999999999999996 21.8354
4.6999999999999993 22.334
4.7999999999999989 22.8216
4.8999999999999986 11.4764
4.9999999999999982 11.4764
5.0999999999999979 11.9897
5.1999999999999975 12.7991
5.2999999999999972 13.6338
5.3999999999999968 14.42
5.4999999999999964 15.1653
5.5999999999999961 15.8756
5.6999999999999957 16.5552
5.7999999999999954 17.208
5.899999999999995 17.8368
5.9999999999999947 18.4983
6.0999999999999943 19.0845
6.199999999999994 19.6532
6.2999999999999936 20.2058
6.3999999999999932 20.7437
6.4999999999999929 21.268
6.5999999999999925 21.7796
6.6999999999999922 22.2794
6.7999999999999918 22.8122
6.8999999999999915 11.4717
6.9999999999999911 11.4717
7.0999999999999908 11.9852
7.1999999999999904 12.7163
7.2999999999999901 13.5561
7.3999999999999897 14.3466
7.4999999999999893 15.1618
7.599999999999989 15.8722
7.6999999999999886 16.552
7.7999999999999883 17.2049
7.8999999999999879 17.8338
7.9999999999999876 18.4412
8.0999999999999872 19.0291
8.1999999999999869 19.5994
8.2999999999999865 20.1535
8.3999999999999861 20.7411
8.4999999999999858 21.2654
8.5999999999999854 21.7771
8.6999999999999851 22.277
8.7999999999999847 22.7659
8.8999999999999844 11.4706
8.999999999999984 11.4706
9.0999999999999837 11.9
9.1999999999999833 12.7152
9.2999999999999829 13.5551
9.3999999999999826 14.3457
9.4999999999999822 15.0947
9.5999999999999819 15.8081
9.6999999999999815 16.4905
9.7999999999999812 17.1458
9.8999999999999808 17.833
9.9999999999999805 18.4404
10.09999999999998 19.0284
10.19999999999998 19.5987
10.299999999999979 20.1529
10.399999999999979 20.6921
10.499999999999979 21.2177
10.599999999999978 21.7305
10.699999999999978 22.2314
10.799999999999978 22.7653
10.899999999999977 11.4703
10.999999999999977 11.4703
11.099999999999977 11.8997
11.199999999999976 12.6358
11.299999999999976 13.4807
11.399999999999975 14.2754
11.499999999999975 15.0945
11.599999999999975 15.8079
11.699999999999974 16.4903
11.799999999999974 17.1456
11.899999999999974 17.7766
11.999999999999973 18.3859
12.099999999999973 18.9756
12.199999999999973 19.5474
12.299999999999972 20.1527
12.399999999999972 20.692
12.499999999999972 21.2175
12.599999999999971 21.7303
12.699999999999971 22.2313
12.799999999999971 22.7212
12.89999999999997 11.4702
12.99999999999997 11.4702
13.099999999999969 11.815
13.199999999999969 12.6358
13.299999999999969 13.4806
13.399999999999968 14.2753
13.499999999999968 15.0279
13.599999999999968 15.7443
13.699999999999967 16.4294
13.799999999999967 17.087
13.899999999999967 17.7765
13.999999999999966 18.3858
14.099999999999966 18.9755
14.199999999999966 19.5474
14.299999999999965 20.1029
14.399999999999965 20.6435
14.499999999999964 21.1703
14.599999999999964 21.6842
14.699999999999964 22.2313
14.799999999999963 22.7211
14.899999999999963 11.4702
14.999999999999963 11.4702
15.099999999999962 11.815
15.199999999999962 12.6357
15.299999999999962 13.406
15.399999999999961 14.2049
15.499999999999961 15.0278
15.599999999999961 15.7443
15.69999999999996 16.4294
15.79999999999996 17.087
15.899999999999959 17.7201
15.999999999999959 18.3313
16.099999999999959 18.9227
16.19999999999996 19.4961
16.299999999999962 20.1029
16.399999999999963 20.6435
16.499999999999964 21.1702
16.599999999999966 21.6842
16.699999999999967 22.1862
16.799999999999969 22.677
16.89999999999997 11.4702
16.999999999999972 11.4702
17.099999999999973 11.7298
17.199999999999974 12.5561
17.299999999999976 13.406
17.399999999999977 14.2049
17.499999999999979 14.961
17.59999999999998 15.6805
17.699999999999982 16.3683
17.799999999999983 17.0282
17.899999999999984 17.7201
17.999999999999986 18.3313
18.099999999999987 18.9227
18.199999999999989 19.4961
18.29999999999999 20.053
18.399999999999991 20.5949
18.499999999999993 21.1229
18.599999999999994 21.638
18.699999999999996 22.1862
18.799999999999997 22.677
18.899999999999999 11.4702
19 11.4702
19.100000000000001 11.7298
19.200000000000003 12.5561
19.300000000000004 13.406
19.400000000000006 14.2049
19.500000000000007 14.961
19.600000000000009 15.6805
19.70000000000001 16.3683
19.800000000000011 17.0282
19.900000000000013 17.6635
20.000000000000014 18.2765
20.100000000000016 18.8697
20.200000000000017 19.4446
20.300000000000018 20.053
20.40000000000002 20.4975
20.500000000000021 20.9325
20.600000000000023 10.4662
20.700000000000024 10.5618
20.800000000000026 11.2968
20.900000000000027 12.07
21.000000000000028 12.7962
21.10000000000003 13.4086
21.200000000000031 14.2073
21.300000000000033 14.6929
21.400000000000034 15.2289
21.500000000000036 15.9362
21.600000000000037 16.3091
21.700000000000038 16.9714
21.80000000000004 17.3219
21.900000000000041 17.9467
22.000000000000043 8.97333
22.100000000000044 8.97333
22.200000000000045 9.62242
22.300000000000047 10.3277
22.400000000000048 10.8957
22.50000000000005 11.6095
22.600000000000051 12.363
22.700000000000053 12.6834
22.800000000000054 13.4509
22.900000000000055 13.7459
23.000000000000057 14.3873
23.100000000000058 14.7315
23.20000000000006 7.46713
23.300000000000061 7.46713
23.400000000000063 7.73261
23.500000000000064 8.47857
23.600000000000065 9.38018
23.700000000000067 10.2016
23.800000000000068 10.6826
23.90000000000007 11.2325
24.000000000000071 12.0098
24.100000000000072 12.2579
24.200000000000074 13.1273
24.300000000000075 13.2792
24.400000000000077 13.9422
24.500000000000078 6.97111
24.60000000000008 6.97111
24.700000000000081 7.66105
24.800000000000082 8.29286
24.900000000000084 8.87921
25.000000000000085 9.42872
25.100000000000087 10.3438
25.200000000000088 10.8185
25.30000000000009 11.273
25.400000000000091 11.9641
25.500000000000092 12.2131
25.600000000000094 12.9313
25.700000000000095 12.9313
25.800000000000097 6.46564
25.900000000000098 6.6203
26.000000000000099 7.34393
26.100000000000101 8.24927
26.200000000000102 9.17373
26.300000000000104 9.7064
26.400000000000105 10.1121
26.500000000000107 11.061
26.600000000000108 11.2411
26.700000000000109 12.0178
26.800000000000111 12.2658
26.900000000000112 12.9035
27.000000000000114 6.45174
27.100000000000115 6.45174
27.200000000000117 7.05087
27.300000000000118 7.73357
27.400000000000119 8.35982
27.500000000000121 8.82845
27.600000000000122 9.69721
27.700000000000124 10.3003
27.800000000000125 10.5889
27.900000000000126 11.4981
28.000000000000128 11.5851
28.100000000000129 12.4211
28.200000000000131 12.6611
28.300000000000132 6.4483
28.400000000000134 6.4483
28.500000000000135 6.60338
28.600000000000136 7.46515
28.700000000000138 8.35717
28.800000000000139 9.1616
28.900000000000141 9.48524
29.000000000000142 10.2001
29.100000000000144 10.7749
29.200000000000145 11.1414
29.300000000000146 11.8403
29.400000000000148 12.0919
29.500000000000149 12.8949
29.600000000000151 12.8949
29.700000000000152 6.44744
29.800000000000153 7.04695
29.900000000000155 7.72999
30.000000000000156 8.23508
30.100000000000158 9.05051
30.200000000000159 9.79752
30.300000000000161 10.0006
30.400000000000162 10.9592
30.500000000000163 11.1409
30.600000000000165 11.8398
30.700000000000166 5.96215
30.800000000000168 5.96215
30.900000000000169 6.29301
31.000000000000171 6.29301
31.100000000000172 7.19285
31.200000000000173 8.11534
31.300000000000175 8.94184
31.400000000000176 9.38108
31.500000000000178 10.0035
31.600000000000179 10.777
31.70000000000018 10.9618
31.800000000000182 11.8422
31.900000000000183 12.0938
32.000000000000185 12.7402
32.100000000000186 12.8967
32.200000000000188 6.44834
32.300000000000189 6.75485
32.40000000000019 7.46519
32.500000000000192 7.98732
32.600000000000193 8.47686
32.700000000000195 9.37864
32.800000000000196 10.0012
32.900000000000198 10.2982
33.000000000000199 11.2312
33.1000000000002 11.4086
33.200000000000202 12.1746
33.300000000000203 12.4194
33.400000000000205 12.8949
33.500000000000206 6.44745
33.600000000000207 6.44745
33.700000000000209 7.32796
33.80000000000021 8.23509
33.900000000000212 8.93864
34.000000000000213 9.27016
34.100000000000215 10.1006
34.200000000000216 10.6807
34.300000000000217 11.0505
34.400000000000219 11.7548
34.50000000000022 12.0082
34.600000000000222 12.7379
34.700000000000223 12.8945
34.800000000000225 6.44723
34.900000000000226 7.04675
35.000000000000227 7.59821
35.100000000000229 8.11164
35.20000000000023 8.82517
35.300000000000232 9.69423
35.400000000000233 10.0005
35.500000000000234 10.5861
35.600000000000236 11.1408
35.700000000000237 11.4956
35.800000000000239 11.9242
35.90000000000024 5.96209
36.000000000000242 6.12982
36.100000000000243 6.60686
36.200000000000244 7.1928
36.300000000000246 7.99015
36.400000000000247 8.82853
36.500000000000249 9.48765
36.60000000000025 9.69729
36.700000000000252 10.5889
36.800000000000253 10.8698
36.900000000000254 11.4982
37.000000000000256 11.8422
37.100000000000257 5.96333
37.200000000000259 5.96333
37.30000000000026 6.13102
37.400000000000261 7.05202
37.500000000000263 7.99107
37.600000000000264 8.59831
37.700000000000266 8.94262
37.800000000000267 9.69804
37.900000000000269 10.3011
38.00000000000027 10.5896
38.100000000000271 11.4112
38.200000000000273 11.5858
38.300000000000274 12.4218
38.400000000000276 12.5823
38.500000000000277 6.44861
38.600000000000279 6.44861
38.70000000000028 7.18989
38.800000000000281 7.73096
38.900000000000283 8.35741
39.000000000000284 9.27096
39.100000000000286 9.59087
39.200000000000287 10.2003
39.300000000000288 10.8679
39.40000000000029 11.1416
39.500000000000291 11.9249
39.600000000000293 12.092
39.700000000000294 12.895
39.800000000000296 6.44752
39.900000000000297 6.44752
40.000000000000298 7.18892
40.1000000000003 8.11187
40.200000000000301 8.59422
40.300000000000303 9.05056
40.400000000000304 10.0007
40.500000000000306 10.1996
40.600000000000307 10.9592
40.700000000000308 11.3198
40.80000000000031 11.8399
40.900000000000311 5.96217
41.000000000000313 5.96217
41.100000000000314 6.29303
41.200000000000315 7.05104
41.300000000000317 7.73372
41.400000000000318 8.23858
41.50000000000032 9.05369
41.600000000000321 9.80046
41.700000000000323 10.1034
41.800000000000324 10.9618
41.900000000000325 11.2333
42.000000000000327 11.8423
42.100000000000328 5.96335
42.20000000000033 5.96335
42.300000000000331 6.29414
42.400000000000333 6.29414
42.500000000000334 7.19384
42.600000000000335 8.11622
42.700000000000337 8.94263
42.800000000000338 9.38184
42.90000000000034 10.0042
43.000000000000341 10.6841
43.100000000000342 10.9625
43.200000000000344 11.7578
43.300000000000345 11.8428
43.400000000000347 5.96364
43.500000000000348 5.96364
43.60000000000035 6.29442
43.700000000000351 7.19408
43.800000000000352 7.86414
43.900000000000354 8.48061
44.000000000000355 9.05465
44.100000000000357 10.0043
44.200000000000358 10.3984
44.30000000000036 10.9626
44.400000000000361 11.586
44.500000000000362 11.843
44.600000000000364 12.5824
44.700000000000365 12.7409
44.800000000000367 6.44868
44.900000000000368 6.44868
45.000000000000369 6.90322
45.100000000000371 7.59943
45.200000000000372 8.47712
45.300000000000374 9.27101
45.400000000000375 9.59092
45.500000000000377 10.2984
45.600000000000378 10.8679
45.700000000000379 11.2314
45.800000000000381 11.925
45.900000000000382 12.1748
46.000000000000384 12.8951
46.100000000000385 6.44754
46.200000000000387 6.44754
46.300000000000388 7.32804
46.400000000000389 7.98667
46.500000000000391 8.47626
46.600000000000392 9.16106
46.700000000000394 10.0007
46.800000000000395 10.1997
46.900000000000396 11.0505
47.000000000000398 11.3198
47.100000000000399 12.0082
47.200000000000401 12.419
47.300000000000402 12.8945
47.400000000000404 6.44726
47.500000000000405 6.44726
47.600000000000406 7.04677
47.700000000000408 7.98645
47.800000000000409 8.82519
47.900000000000411 9.27003
48.000000000000412 9.69425
48.100000000000414 10.5862
48.200000000000415 10.7743
48.300000000000416 11.4956
48.400000000000418 11.7547
48.500000000000419 5.9621
48.600000000000421 5.9621
48.700000000000422 6.12982
48.800000000000423 7.05098
48.900000000000425 7.99015
49.000000000000426 8.59746
49.100000000000428 8.9418
49.200000000000429 9.69729
49.300000000000431 10.3975
49.400000000000432 10.5889
49.500000000000433 11.4982
49.600000000000435 11.4982
49.700000000000436 5.96333
49.800000000000438 5.96333
49.900000000000439 6.13102
50.000000000000441 6.75931
50.100000000000442 7.46921
50.200000000000443 7.99107
50.300000000000445 8.82936
50.400000000000446 9.69804
50.500000000000448 9.90319
50.600000000000449 10.5896
50.70000000000045 11.0537
50.800000000000452 11.4988
50.900000000000453 12.0944
51.000000000000455 12.4218
51.100000000000456 6.44861
51.200000000000458 6.44861
51.300000000000459 6.60368
51.40000000000046 7.46542
51.500000000000462 8.35741
51.600000000000463 8.93947
51.700000000000465 9.27096
51.800000000000466 10.2003
51.900000000000468 10.3955
52.000000000000469 11.1416
52.10000000000047 11.4964
52.200000000000472 12.092
52.300000000000473 12.58
52.400000000000475 12.895
52.500000000000476 6.44752
52.600000000000477 7.18892
52.700000000000479 7.73006
52.80000000000048 8.11187
52.900000000000482 9.05056
53.000000000000483 9.59015
53.100000000000485 10.0007
53.200000000000486 10.7744
53.300000000000487 10.9592
53.400000000000489 11.8399
53.50000000000049 11.9243
53.600000000000492 5.96217
53.700000000000493 5.96217
53.800000000000495 6.45193
53.900000000000496 7.19287
54.000000000000497 8.11536
54.100000000000499 9.05369
54.2000000000005 9.3811
54.300000000000502 10.0035
54.400000000000503 10.6834
54.500000000000504 10.9618
54.600000000000506 11.8423
54.700000000000507 11.8423
54.800000000000509 5.96335
54.90000000000051 5.96335
55.000000000000512 6.29414
55.100000000000513 7.19384
55.200000000000514 7.99108
55.300000000000516 8.48041
55.400000000000517 9.05446
55.500000000000519 10.0042
55.60000000000052 10.2031
55.700000000000522 10.9625
55.800000000000523 11.4112
55.900000000000524 11.8428
56.000000000000526 5.96364
56.100000000000527 5.96364
56.200000000000529 6.29442
56.30000000000053 6.60825
56.400000000000531 7.33309
56.500000000000533 8.11644
56.600000000000534 9.05465
56.700000000000536 9.69823
56.800000000000537 10.0043
56.900000000000539 10.9626
57.00000000000054 11.234
57.100000000000541 11.843
57.200000000000543 12.2593
57.300000000000544 12.7409
57.400000000000546 6.44868
57.500000000000547 6.44868
57.600000000000549 6.75518
57.70000000000055 7.59943
57.800000000000551 8.23605
57.900000000000553 8.71143
58.000000000000554 9.37887
58.100000000000556 10.2984
58.200000000000557 10.4917
58.300000000000558 11.2314
58.40000000000056 11.5834
58.500000000000561 12.1748
58.600000000000563 12.5801
58.700000000000564 12.8951
58.800000000000566 6.44754
58.900000000000567 6.75409
59.000000000000568 7.32804
59.10000000000057 8.23516
59.200000000000571 9.16106
59.300000000000573 9.59016
59.400000000000574 10.1007
59.500000000000576 10.8672
59.600000000000577 11.0505
59.700000000000578 11.9243
59.80000000000058 12.0082
59.900000000000581 12.8945
60.000000000000583 6.44726
60.100000000000584 6.44726
60.200000000000585 7.04677
60.300000000000587 7.98645
60.400000000000588 8.47604
60.50000000000059 8.82519
60.600000000000591 9.69425
60.700000000000593 10.1995
60.800000000000594 10.5862
60.900000000000595 11.3196
61.000000000000597 11.4956
61.100000000000598 5.9621
61.2000000000006 5.9621
61.300000000000601 6.12982
61.400000000000603 6.90619
61.500000000000604 7.60213
61.600000000000605 8.11531
61.700000000000607 8.82854
61.800000000000608 9.69729
61.90000000000061 9.90245
62.000000000000611 10.5889
62.100000000000612 11.1435
62.200000000000614 11.4982
62.300000000000615 11.9267
62.400000000000617 5.96333
62.500000000000618 6.13102
62.60000000000062 6.13102
62.700000000000621 7.05202
62.800000000000622 7.99107
62.900000000000624 8.82936
63.000000000000625 9.16489
63.100000000000627 9.69804
63.200000000000628 10.5896
63.30000000000063 10.6841
63.400000000000631 11.4988
63.500000000000632 11.7578
63.600000000000634 12.4218
63.700000000000635 12.7407
63.800000000000637 6.44861
63.900000000000638 6.60368
64.000000000000639 7.46542
64.100000000000634 7.98754
64.200000000000628 8.35741
64.300000000000622 9.27096
64.400000000000617 9.90034
64.500000000000611 10.2003
64.600000000000605 11.0511
64.7000000000006 11.1416
64.800000000000594 12.092
64.900000000000588 12.1747
65.000000000000583 12.895
65.100000000000577 6.44752
65.200000000000571 6.60262
65.300000000000566 7.18892
65.40000000000056 8.11187
65.500000000000554 8.93869
65.600000000000549 9.16105
65.700000000000543 10.0007
65.800000000000537 10.3948
65.900000000000531 10.9592
66.000000000000526 11.4958
66.10000000000052 11.8399
66.200000000000514 5.96217
66.300000000000509 5.96217
66.400000000000503 6.29303
66.500000000000497 7.19287
66.600000000000492 7.99021
66.700000000000486 8.59751
66.80000000000048 9.05369
66.900000000000475 10.0035
67.000000000000469 10.3004
67.100000000000463 10.9618
67.200000000000458 11.4106
67.300000000000452 11.8423
67.400000000000446 5.96335
67.500000000000441 5.96335
67.600000000000435 6.29414
67.700000000000429 6.75932
67.800000000000423 7.46922
67.900000000000418 8.11622
68.000000000000412 9.05446
68.100000000000406 9.59382
68.200000000000401 10.0042
68.300000000000395 10.8705
68.400000000000389 10.9625
68.500000000000384 11.8428
68.600000000000378 11.9273
68.700000000000372 5.96364
68.800000000000367 5.96364
68.900000000000361 6.29442
69.000000000000355 7.19408
69.10000000000035 8.11644
69.200000000000344 8.71482
69.300000000000338 9.16509
69.400000000000333 10.0043
69.500000000000327 10.5898
69.600000000000321 10.9626
69.700000000000315 11.843
69.80000000000031 11.9274
69.900000000000304 12.7409
70.000000000000298 12.8974
70.100000000000293 6.44868
70.200000000000287 6.60375
70.300000000000281 7.18996
70.400000000000276 7.73102
70.50000000000027 8.47712
70.600000000000264 9.37887
70.700000000000259 9.79833
70.800000000000253 10.2984
70.900000000000247 11.0512
71.000000000000242 11.2314
71.100000000000236 12.1748
71.20000000000023 12.2569
71.300000000000225 12.8951
71.400000000000219 6.44754
71.500000000000213 6.44754
71.600000000000207 7.32804
71.700000000000202 8.23516
71.800000000000196 8.71059
71.90000000000019 9.16106
72.000000000000185 10.1007
72.100000000000179 10.491
72.200000000000173 11.0505
72.300000000000168 11.5828
72.400000000000162 12.0082
72.500000000000156 12.5795
72.600000000000151 12.8945
72.700000000000145 6.44726
72.800000000000139 6.75382
72.900000000000134 7.32779
73.000000000000128 7.98645
73.100000000000122 8.82519
73.200000000000117 9.58997
73.300000000000111 9.7974
73.400000000000105 10.5862
73.500000000000099 10.9591
73.600000000000094 11.4956
73.700000000000088 11.9242
73.800000000000082 5.9621
73.900000000000077 5.9621
74.000000000000071 6.29296
74.100000000000065 7.05098
74.20000000000006 7.99015
74.300000000000054 8.82854
74.400000000000048 9.27321
74.500000000000043 9.69729
74.600000000000037 10.5889
74.700000000000031 10.6834
74.800000000000026 11.4982
74.90000000000002 11.6715
75.000000000000014 5.96333
75.100000000000009 5.96333
75.200000000000003 6.13102
75.299999999999997 7.05202
75.399999999999991 7.86391
75.499999999999986 8.36079
75.59999999999998 8.82936
75.699999999999974 9.69804
75.799999999999969 10.1041
75.899999999999963 10.5896
75.999999999999957 11.2339
76.099999999999952 11.4988
76.199999999999946 12.3407
76.29999999999994 12.4218
76.399999999999935 6.44861
76.499999999999929 6.44861
76.599999999999923 6.90315
76.699999999999918 7.46542
76.799999999999912 8.35741
76.899999999999906 9.16181
76.999999999999901 9.37883
77.099999999999895 10.2003
77.199999999999889 10.6814
77.299999999999883 11.1416
77.399999999999878 11.7554
77.499999999999872 12.092
77.599999999999866 12.7385
77.699999999999861 6.44752
77.799999999999855 6.44752
77.899999999999849 7.18892
77.999999999999844 7.98666
78.099999999999838 8.35658
78.199999999999832 9.05056
78.299999999999827 9.89964
78.399999999999821 10.0007
78.499999999999815 10.9592
78.59999999999981 11.141
78.699999999999804 11.8399
78.799999999999798 11.9243
78.899999999999793 5.96217
78.999999999999787 6.12989
79.099999999999781 6.75828
79.199999999999775 7.46828
79.29999999999977 8.11536
79.399999999999764 9.05369
79.499999999999758 9.69733
79.599999999999753 10.0035
79.699999999999747 10.9618
79.799999999999741 11.053
79.899999999999736 11.8423
79.99999999999973 11.9267
80.099999999999724 5.96335
80.199999999999719 5.96335
80.299999999999713 6.29414
80.399999999999707 7.19384
80.499999999999702 8.11622
80.599999999999696 8.82938
80.69999999999969 9.1649
80.799999999999685 10.0042
80.899999999999679 10.4944
80.999999999999673 10.9625
81.099999999999667 11.5858
81.199999999999662 11.8428
81.299999999999656 5.96364
81.39999999999965 5.96364
81.499999999999645 6.29442
81.599999999999639 7.05229
81.699999999999633 7.73485
81.799999999999628 8.23964
81.899999999999622 9.05465
81.999999999999616 9.90337
82.099999999999611 10.2033
82.199999999999605 10.9626
82.299999999999599 11.4114
82.399999999999594 11.843
82.499999999999588 12.5024
82.599999999999582 12.7409
82.699999999999577 6.44868
82.799999999999571 6.44868
82.899999999999565 6.75518
82.999999999999559 7.59943
83.099999999999554 8.47712
83.199999999999548 9.05138
83.299999999999542 9.37887
83.399999999999537 10.2984
83.499999999999531 10.6815
83.599999999999525 11.2314
83.69999999999952 11.7554
83.799999999999514 12.1748
83.899999999999508 12.8171
83.999999999999503 12.8951
84.099999999999497 6.44754
84.199999999999491 7.18894
84.299999999999486 7.73007
84.39999999999948 8.23516
84.499999999999474 9.16106
84.599999999999469 9.79758
84.699999999999463 10.1007
84.799999999999457 11.0505
84.899999999999451 11.2308
84.999999999999446 12.0082
85.09999999999944 12.2563
85.199999999999434 12.8945
85.299999999999429 6.44726
85.399999999999423 6.44726
85.499999999999417 7.04677
85.599999999999412 7.98645
85.699999999999406 8.71038
85.7999999999994 9.05037
85.899999999999395 9.69425
85.999999999999389 10.4908
86.099999999999383 10.5862
86.199999999999378 11.4956
86.299999999999372 11.5826
86.399999999999366 5.9621
86.499999999999361 5.9621
86.599999999999355 6.12982
86.699999999999349 7.05098
86.799999999999343 7.86297
86.899999999999338 8.35991
86.999999999999332 8.82854
87.099999999999326 9.69729
87.199999999999321 10.2024
87.299999999999315 10.5889
87.399999999999309 11.3222
87.499999999999304 11.4982
87.599999999999298 5.96333
87.699999999999292 5.96333
87.799999999999287 6.13102
87.899999999999281 6.60797
87.999999999999275 7.19383
88.09999999999927 7.99107
88.199999999999264 8.82936
88.299999999999258 9.48842
88.399999999999253 9.69804
88.499999999999247 10.5896
88.599999999999241 10.8705
88.699999999999235 11.4988
88.79999999999923 11.9273
88.899999999999224 12.4218
88.999999999999218 12.8972
89.099999999999213 6.44861
89.199999999999207 6.60368
89.299999999999201 7.46542
89.399999999999196 8.35741
89.49999999999919 8.71138
89.599999999999184 9.27096
89.699999999999179 10.1013
89.799999999999173 10.2003
89.899999999999167 11.1416
89.999999999999162 11.4087
90.099999999999156 12.092
90.19999999999915 12.4195
90.299999999999145 12.895
90.399999999999139 6.44752
90.499999999999133 6.90213
90.599999999999127 7.46449
90.699999999999122 8.11187
90.799999999999116 9.05056
90.89999999999911 9.37808
90.999999999999105 10.0007
91.099999999999099 10.6808
91.199999999999093 10.9592
91.299999999999088 11.7548
91.399999999999082 11.8399
91.499999999999076 5.96217
91.599999999999071 5.96217
91.699999999999065 6.29303
91.799999999999059 7.19287
91.899999999999054 8.11536
91.999999999999048 8.82858
92.099999999999042 9.16414
92.199999999999037 10.0035
92.299999999999031 10.4937
92.399999999999025 10.9618
92.499999999999019 11.6715
92.599999999999014 11.8423
92.699999999999008 5.96335
92.799999999999002 5.96335
92.899999999998997 6.29414
92.999999999998991 7.05204
93.099999999998985 7.73463
93.19999999999898 8.23943
93.299999999998974 9.05446
93.399999999998968 9.80117
93.499999999998963 10.1041
93.599999999998957 10.9625
93.699999999998951 11.2339
93.799999999998946 11.8428
93.89999999999894 5.96364
93.999999999998934 5.96364
94.099999999998929 6.29442
94.199999999998923 6.29442
94.299999999998917 7.19408
94.399999999998911 8.11644
94.499999999998906 8.94283
94.5999999999989 9.48861
94.699999999998894 10.0043
94.799999999998889 10.8706
94.899999999998883 11.0538
94.999999999998877 11.843
95.099999999998872 12.0945
95.199999999998866 12.7409
95.29999999999886 12.8974
95.399999999998855 6.44868
95.499999999998849 6.75518
95.599999999998843 7.46548
95.699999999998838 7.98759
95.799999999998832 8.47712
95.899999999998826 9.37887
95.99999999999882 10.1014
96.099999999998815 10.2984
96.199999999998809 11.2314
96.299999999998803 11.4088
96.399999999998798 12.1748
96.499999999998792 12.4196
96.599999999998786 12.8951
96.699999999998781 6.44754
96.799999999998775 6.60264
96.899999999998769 7.32804
96.999999999998764 8.23516
97.099999999998758 9.05057
97.199999999998752 9.37809
97.299999999998747 10.1007
97.399999999998741 10.6808
97.499999999998735 11.0505
97.59999999999873 11.7548
97.699999999998724 12.0082
97.799999999998718 12.8165
97.899999999998712 12.8945
97.999999999998707 6.44726
98.099999999998701 7.04677
98.199999999998695 7.72984
98.29999999999869 8.23494
98.399999999998684 8.82519
98.499999999998678 9.69425
98.599999999998673 10.0005
98.699999999998667 10.5862
98.799999999998661 11.1408
98.899999999998656 11.4956
98.99999999999865 5.9621
99.099999999998644 5.9621
99.199999999998639 6.12982
99.299999999998633 6.60686
99.399999999998627 7.33184
99.499999999998622 7.99015
99.599999999998616 8.82854
99.69999999999861 9.48765
99.799999999998604 9.69729
99.899999999998599 10.5889
99.999999999998593 10.9618
100.09999999999859 11.4982
100.19999999999858 11.9267
100.29999999999858 5.96333
100.39999999999857 5.96333
100.49999999999856 6.13102
100.59999999999856 7.05202
100.69999999999855 7.99107
100.79999999999855 8.59831
100.89999999999854 8.94262
100.99999999999854 9.69804
101.09999999999853 10.3982
101.19999999999852 10.5896
101.29999999999852 11.4988
101.39999999999851 11.5858
101.49999999999851 12.4218
101.5999999999985 12.5823
101.6999999999985 6.44861
101.79999999999849 6.60368
101.89999999999849 7.18989
101.99999999999848 7.73096
102.09999999999847 8.35741
102.19999999999847 9.27096
102.29999999999846 9.69514
102.39999999999846 10.2003
102.49999999999845 10.8679
102.59999999999845 11.1416
102.69999999999844 11.9249
102.79999999999843 12.092
102.89999999999843 12.895
102.99999999999842 6.44752
103.09999999999842 6.44752
103.19999999999841 7.18892
103.29999999999841 8.11187
103.3999999999984 8.71058
103.49999999999839 9.05056
103.59999999999839 10.0007
103.69999999999838 10.1996
103.79999999999838 10.9592
103.89999999999837 11.3198
103.99999999999837 11.8399
104.09999999999836 5.96217
104.19999999999835 5.96217
104.29999999999835 6.29303
104.39999999999834 7.19287
104.49999999999834 7.86303
104.59999999999833 8.35996
104.69999999999833 9.05369
104.79999999999832 9.90249
104.89999999999831 10.1034
104.99999999999831 10.9618
105.0999999999983 11.2333
105.1999999999983 11.8423
105.29999999999829 5.96335
105.39999999999829 5.96335
105.49999999999828 6.29414
105.59999999999827 6.45302
105.69999999999827 7.19384
105.79999999999826 8.11622
105.89999999999826 9.05446
105.99999999999825 9.38184
106.09999999999825 10.0042
106.19999999999824 10.6841
106.29999999999824 10.9625
106.39999999999823 11.8428
106.49999999999822 11.8428
106.59999999999822 5.96364
106.69999999999821 5.96364
106.79999999999821 6.29442
106.8999999999982 7.19408
106.9999999999982 7.9913
107.09999999999819 8.48061
107.19999999999818 9.05465
107.29999999999818 10.0043
107.39999999999817 10.3984
107.49999999999817 10.9626
107.59999999999816 11.6723
107.69999999999816 11.843
107.79999999999815 12.6619
107.89999999999814 12.7409
107.99999999999814 6.44868
108.09999999999813 6.44868
108.19999999999813 6.90322
108.29999999999812 7.59943
108.39999999999812 8.47712
108.49999999999811 9.27101
108.5999999999981 9.59092
108.6999999999981 10.2984
108.79999999999809 10.9599
108.89999999999809 11.2314
108.99999999999808 12.0088
109.09999999999808 12.1748
109.19999999999807 12.8951
109.29999999999806 6.44754
109.39999999999806 6.44754
109.49999999999805 7.32804
109.59999999999805 7.98667
109.69999999999804 8.47626
109.79999999999804 9.16106
109.89999999999803 10.1007
109.99999999999802 10.2977
110.09999999999802 11.0505
110.19999999999801 11.4081
110.29999999999801 12.0082
110.399999999998 12.419
110.499999999998 12.8945
110.59999999999799 6.44726
110.69999999999798 6.60236
110.79999999999798 7.04677
110.89999999999797 7.98645
110.99999999999797 8.82519
111.09999999999796 9.3779
111.19999999999796 9.69425
111.29999999999795 10.5862
111.39999999999795 10.7743
111.49999999999794 11.4956
111.59999999999793 11.7547
111.69999999999793 5.9621
111.79999999999792 5.9621
111.89999999999792 6.12982
111.99999999999791 7.05098
112.09999999999791 7.99015
112.1999999999979 8.71377
112.29999999999789 9.05364
112.39999999999789 9.69729
112.49999999999788 10.3975
112.59999999999788 10.5889
112.69999999999787 11.4982
112.79999999999787 11.5852
112.89999999999786 5.96333
112.99999999999785 5.96333
113.09999999999785 6.13102
113.19999999999784 6.90725
113.29999999999784 7.60309
113.39999999999783 8.11621
113.49999999999783 8.82936
113.59999999999782 9.69804
113.69999999999781 9.90319
113.79999999999781 10.5896
113.8999999999978 11.1441
113.9999999999978 11.4988
114.09999999999779 12.1771
114.19999999999779 12.4218
114.29999999999778 6.44861
114.39999999999777 6.44861
114.49999999999777 6.60368
114.59999999999776 7.46542
114.69999999999776 8.35741
114.79999999999775 8.93947
114.89999999999775 9.27096
114.99999999999774 10.2003
115.09999999999773 10.4917
115.19999999999773 11.1416
115.29999999999772 11.5834
115.39999999999772 12.092
115.49999999999771 12.58
115.59999999999771 12.895
115.6999999999977 6.44752
115.79999999999769 7.18892
115.89999999999769 7.73006
115.99999999999768 8.11187
116.09999999999768 9.05056
116.19999999999767 9.69442
116.29999999999767 10.0007
116.39999999999766 10.8672
116.49999999999766 10.9592
116.59999999999765 11.8399
116.69999999999764 11.9243
116.79999999999764 5.96217
116.89999999999763 5.96217
116.99999999999763 6.45193
117.09999999999762 7.19287
117.19999999999762 8.11536
117.29999999999761 9.05369
117.3999999999976 9.48769
117.4999999999976 10.0035
117.59999999999759 10.777
117.69999999999759 10.9618
117.79999999999758 11.8423
117.89999999999758 11.8423
117.99999999999757 5.96335
118.09999999999756 5.96335
118.19999999999756 6.29414
118.29999999999755 7.19384
118.39999999999755 7.99108
118.49999999999754 8.59832
118.59999999999754 9.05446
118.69999999999753 10.0042
118.79999999999752 10.3011
118.89999999999752 10.9625
118.99999999999751 11.4112
119.09999999999751 11.8428
119.1999999999975 5.96364
119.2999999999975 5.96364
119.39999999999749 6.29442
119.49999999999748 6.75958
119.59999999999748 7.46946
119.69999999999747 8.11644
119.79999999999747 9.05465
119.89999999999746 9.69823
119.99999999999746 10.0043
120.09999999999745 10.9626
120.19999999999744 11.234
120.29999999999744 11.843
120.39999999999743 12.3409
120.49999999999743 12.7409
120.59999999999742 6.44868
120.69999999999742 6.44868
120.79999999999741 6.75518
120.89999999999741 7.59943
120.9999999999974 8.35747
121.09999999999739 8.82622
121.19999999999739 9.37887
121.29999999999738 10.2984
121.39999999999738 10.4917
121.49999999999737 11.2314
121.59999999999737 11.5834
121.69999999999736 12.1748
121.79999999999735 12.6596
121.89999999999735 12.8951
121.99999999999734 6.44754
122.09999999999734 6.90215
122.19999999999733 7.4645
122.29999999999733 8.23516
122.39999999999732 9.16106
122.49999999999731 9.59016
122.59999999999731 10.1007
122.6999999999973 10.9593
122.7999999999973 11.0505
122.89999999999729 12.0082
122.99999999999729 12.0915
123.09999999999728 12.8945
123.19999999999727 6.44726
123.29999999999727 6.44726
123.39999999999726 7.04677
123.49999999999726 7.98645
123.59999999999725 8.47604
123.69999999999725 8.82519
123.79999999999724 9.69425
123.89999999999723 10.2975
123.99999999999723 10.5862
124.09999999999722 11.408
124.19999999999722 11.4956
124.29999999999721 5.9621
124.39999999999721 5.9621
124.4999999999972 6.12982
124.59999999999719 7.05098
124.69999999999719 7.60213
124.79999999999718 8.11531
124.89999999999718 8.82854
124.99999999999717 9.69729
125.09999999999717 10.0034
125.19999999999716 10.5889
125.29999999999715 11.1435
125.39999999999715 11.4982
125.49999999999714 11.9267
125.59999999999714 5.96333
125.69999999999713 6.13102
125.79999999999713 6.29413
125.89999999999712 7.05202
125.99999999999712 7.99107
126.09999999999711 8.82936
126.1999999999971 9.274
126.2999999999971 9.69804
126.39999999999709 10.5896
126.49999999999709 10.6841
126.59999999999708 11.4988
126.69999999999708 11.7578
126.79999999999707 12.4218
126.89999999999706 12.8192
126.99999999999706 6.44861
127.09999999999705 6.60368
127.19999999999705 7.46542
127.29999999999704 8.11273
127.39999999999704 8.47707
127.49999999999703 9.27096
127.59999999999702 9.90034
127.69999999999702 10.2003
127.79999999999701 11.0511
127.89999999999701 11.2314
127.999999999997 12.092
128.09999999999701 12.2569
128.199999999997 12.895
128.299999999997 6.44752
128.39999999999699 6.60262
128.49999999999699 7.18892
128.59999999999698 8.11187
128.69999999999698 8.93869
128.79999999999697 9.16105
128.89999999999696 10.0007
128.99999999999696 10.491
129.09999999999695 10.9592
129.19999999999695 11.5828
129.29999999999694 11.8399
129.39999999999694 5.96217
129.49999999999693 5.96217
129.59999999999692 6.29303
129.69999999999692 7.19287
129.79999999999691 8.11536
129.89999999999691 8.59751
129.9999999999969 9.05369
130.0999999999969 10.0035
130.19999999999689 10.3004
130.29999999999688 10.9618
130.39999999999688 11.4982
130.49999999999687 11.8423
130.59999999999687 5.96335
130.69999999999686 5.96335
130.79999999999686 6.29414
130.89999999999685 6.75932
130.99999999999685 7.46922
131.09999999999684 8.11622
131.19999999999683 9.05446
131.29999999999683 9.69805
131.39999999999682 10.0042
131.49999999999682 10.9625
131.59999999999681 11.0537
131.69999999999681 11.8428
131.7999999999968 11.9273
131.89999999999679 5.96364
131.99999999999679 5.96364
132.09999999999678 6.29442
132.19999999999678 7.19408
132.29999999999677 8.11644
132.39999999999677 8.82957
132.49999999999676 9.2742
132.59999999999675 10.0043
132.69999999999675 10.6842
132.79999999999674 10.9626
132.89999999999674 11.843
132.99999999999673 11.9274
133.09999999999673 12.7409
133.19999999999672 12.8974
133.29999999999671 6.44868
133.39999999999671 6.75518
133.4999999999967 7.32904
133.5999999999967 7.73102
133.69999999999669 8.47712
133.79999999999669 9.37887
133.89999999999668 9.90039
133.99999999999667 10.2984
134.09999999999667 11.1416
134.19999999999666 11.2314
134.29999999999666 12.1748
134.39999999999665 12.2569
134.49999999999665 12.8951
134.59999999999664 6.44754
134.69999999999663 6.44754
134.79999999999663 7.32804
134.89999999999662 8.23516
134.99999999999662 8.82539
135.09999999999661 9.16106
135.19999999999661 10.1007
135.2999999999966 10.491
135.3999999999966 11.0505
135.49999999999659 11.5828
135.59999999999658 12.0082
135.69999999999658 12.659
135.79999999999657 12.8945
135.89999999999657 6.44726
135.99999999999656 6.90189
136.09999999999656 7.46426
136.19999999999655 7.98645
136.29999999999654 8.82519
136.39999999999654 9.58997
136.49999999999653 9.7974
136.59999999999653 10.5862
136.69999999999652 11.0503
136.79999999999652 11.4956
136.89999999999651 11.9242
136.9999999999965 5.9621
137.0999999999965 5.9621
137.19999999999649 6.29296
137.29999999999649 7.05098
137.39999999999648 7.99015
137.49999999999648 8.82854
137.59999999999647 9.27321
137.69999999999646 9.69729
137.79999999999646 10.5889
137.89999999999645 10.777
137.99999999999645 11.4982
138.09999999999644 11.7572
138.19999999999644 5.96333
138.29999999999643 5.96333
138.39999999999642 6.13102
138.49999999999642 7.05202
138.59999999999641 7.86391
138.69999999999641 8.36079
138.7999999999964 8.82936
138.8999999999964 9.69804
138.99999999999639 10.2031
139.09999999999638 10.5896
139.19999999999638 11.3229
139.29999999999637 11.4988
139.39999999999637 12.3407
139.49999999999636 12.4218
139.59999999999636 6.44861
139.69999999999635 6.44861
139.79999999999634 6.90315
139.89999999999634 7.59937
139.99999999999633 8.35741
140.09999999999633 9.27096
140.19999999999632 9.48545
140.29999999999632 10.2003
140.39999999999631 10.6814
140.49999999999631 11.1416
140.5999999999963 11.7554
140.69999999999629 12.092
140.79999999999629 12.817
140.89999999999628 6.44752
140.99999999999628 6.44752
141.09999999999627 7.18892
141.19999999999627 8.11187
141.29999999999626 8.47624
141.39999999999625 9.05056
141.49999999999625 9.89964
141.59999999999624 10.0007
141.69999999999624 10.9592
141.79999999999623 11.2307
141.89999999999623 11.8399
141.99999999999622 5.96217
142.09999999999621 5.96217
142.19999999999621 6.29303
142.2999999999962 6.90625
142.3999999999962 7.60218
142.49999999999619 8.11536
142.59999999999619 9.05369
142.69999999999618 9.69733
142.79999999999617 10.0035
142.89999999999617 10.9618
142.99999999999616 11.053
143.09999999999616 11.8423
143.19999999999615 11.9267
143.29999999999615 5.96335
143.39999999999614 6.13104
143.49999999999613 6.29414
143.59999999999613 7.19384
143.69999999999612 8.11622
143.79999999999612 8.82938
143.89999999999611 9.1649
143.99999999999611 10.0042
144.0999999999961 10.4944
144.19999999999609 10.9625
144.29999999999609 11.6721
144.39999999999608 11.8428
144.49999999999608 5.96364
144.59999999999607 5.96364
144.69999999999607 6.29442
144.79999999999606 7.05229
144.89999999999606 7.73485
144.99999999999605 8.23964
145.09999999999604 9.05465
145.19999999999604 9.90337
145.29999999999603 10.3013
145.39999999999603 10.9626
145.49999999999602 11.499
145.59999999999602 11.843
145.69999999999601 12.5024
145.799999999996 12.7409
145.899999999996 6.44868
145.99999999999599 6.44868
146.09999999999599 6.75518
146.19999999999598 7.59943
146.29999999999598 8.47712
146.39999999999597 9.05138
146.49999999999596 9.37887
146.59999999999596 10.2984
146.69999999999595 10.7751
146.79999999999595 11.2314
146.89999999999594 11.8405
146.99999999999594 12.1748
147.09999999999593 12.8171
147.19999999999592 12.8951
147.29999999999592 6.44754
147.39999999999591 7.18894
147.49999999999591 7.73007
147.5999999999959 8.23516
147.6999999999959 9.16106
147.79999999999589 9.89965
147.89999999999588 10.1007
147.99999999999588 11.0505
148.09999999999587 11.2308
148.19999999999587 12.0082
148.29999999999586 12.2563
148.39999999999586 12.8945
148.49999999999585 6.44726
148.59999999999584 6.44726
148.69999999999584 7.04677
148.79999999999583 7.98645
148.89999999999583 8.82519
148.99999999999582 9.16087
149.09999999999582 9.69425
149.19999999999581 10.4908
149.2999999999958 10.5862
149.3999999999958 11.4956
149.49999999999579 11.5826
149.59999999999579 5.9621
149.69999999999578 5.9621
149.79999999999578 6.12982
149.89999999999577 7.05098
149.99999999999577 7.99015
150.09999999999576 8.47953
150.19999999999575 8.82854
150.29999999999575 9.69729
150.39999999999574 10.2024
150.49999999999574 10.5889
150.59999999999573 11.3222
150.69999999999573 11.4982
150.79999999999572 5.96333
150.89999999999571 5.96333
150.99999999999571 6.13102
151.0999999999957 6.60797
151.1999999999957 7.33284
151.29999999999569 7.99107
151.39999999999569 8.82936
151.49999999999568 9.48842
151.59999999999567 9.69804
151.69999999999567 10.5896
151.79999999999566 10.9624
151.89999999999566 11.4988
151.99999999999565 12.0111
152.09999999999565 12.4218
152.19999999999564 12.8972
152.29999999999563 6.44861
152.39999999999563 6.60368
152.49999999999562 7.46542
152.59999999999562 8.35741
152.69999999999561 8.71138
152.79999999999561 9.27096
152.8999999999956 10.2003
152.99999999999559 10.2984
153.09999999999559 11.1416
153.19999999999558 11.4087
153.29999999999558 12.092
153.39999999999557 12.4195
153.49999999999557 12.895
153.59999999999556 6.44752
153.69999999999555 6.90213
153.79999999999555 7.46449
153.89999999999554 8.11187
153.99999999999554 9.05056
154.09999999999553 9.48471
154.19999999999553 10.0007
154.29999999999552 10.6808
154.39999999999552 10.9592
154.49999999999551 11.7548
154.5999999999955 11.8399
154.6999999999955 5.96217
154.79999999999549 5.96217
154.89999999999549 6.29303
154.99999999999548 7.19287
155.09999999999548 8.11536
155.19999999999547 8.94185
155.29999999999546 9.27326
155.39999999999546 10.0035
155.49999999999545 10.589
155.59999999999545 10.9618
155.69999999999544 11.6715
155.79999999999544 11.8423
155.89999999999543 5.96335
155.99999999999542 5.96335
156.09999999999542 6.29414
156.19999999999541 7.19384
156.29999999999541 7.86392
156.3999999999954 8.3608
156.4999999999954 9.05446
156.59999999999539 9.9032
156.69999999999538 10.1041
156.79999999999538 10.9625
156.89999999999537 11.2339
156.99999999999537 11.8428
157.09999999999536 5.96364
157.19999999999536 5.96364
157.29999999999535 6.29442
157.39999999999534 6.45329
157.49999999999534 7.19408
157.59999999999533 8.11644
157.69999999999533 9.05465
157.79999999999532 9.48861
157.89999999999532 10.0043
157.99999999999531 10.8706
158.0999999999953 11.0538
158.1999999999953 11.843
158.29999999999529 12.1772
158.39999999999529 12.7409
158.49999999999528 6.44868
158.59999999999528 6.44868
158.69999999999527 6.75518
158.79999999999526 7.59943
158.89999999999526 8.11279
158.99999999999525 8.59508
159.09999999999525 9.37887
159.19999999999524 10.1014
159.29999999999524 10.2984
159.39999999999523 11.2314
159.49999999999523 11.4964
159.59999999999522 12.1748
159.69999999999521 12.5001
159.79999999999521 12.8951
159.8999999999952 6.44754
159.9999999999952 6.60264
160.09999999999519 7.32804
160.19999999999519 8.23516
160.29999999999518 9.05057
160.39999999999517 9.37809
160.49999999999517 10.1007
160.59999999999516 10.7744
160.69999999999516 11.0505
160.79999999999515 11.8399
160.89999999999515 12.0082
160.99999999999514 12.8165
161.09999999999513 12.8945
161.19999999999513 6.44726
161.29999999999512 7.04677
161.39999999999512 7.72984
161.49999999999511 8.23494
161.59999999999511 8.82519
161.6999999999951 9.69425
161.79999999999509 10.1005
161.89999999999509 10.5862
161.99999999999508 11.2306
162.09999999999508 11.4956
162.19999999999507 5.9621
162.29999999999507 5.9621
162.39999999999506 6.12982
162.49999999999505 6.75822
162.59999999999505 7.33184
162.69999999999504 7.99015
162.79999999999504 8.82854
162.89999999999503 9.59305
162.99999999999503 9.80041
163.09999999999502 10.5889
163.19999999999501 10.9618
163.29999999999501 11.4982
163.399999999995 11.9267
163.499999999995 5.96333
163.59999999999499 5.96333
163.69999999999499 6.13102
163.79999999999498 7.05202
163.89999999999498 7.99107
163.99999999999497 8.71461
164.09999999999496 9.05445
164.19999999999496 9.69804
164.29999999999495 10.3982
164.39999999999495 10.5896
164.49999999999494 11.4988
164.59999999999494 11.6721
164.69999999999493 12.4218
164.79999999999492 12.6617
164.89999999999492 6.44861
164.99999999999491 6.60368
165.09999999999491 7.32898
165.1999999999949 7.86031
165.2999999999949 8.35741
165.39999999999489 9.27096
165.49999999999488 9.69514
165.59999999999488 10.2003
165.69999999999487 10.9599
165.79999999999487 11.1416
165.89999999999486 12.0088
165.99999999999486 12.092
166.09999999999485 12.895
166.19999999999484 6.44752
166.29999999999484 6.44752
166.39999999999483 7.18892
166.49999999999483 8.11187
166.59999999999482 8.71058
166.69999999999482 9.05056
166.79999999999481 10.0007
166.8999999999948 10.2977
166.9999999999948 10.9592
167.09999999999479 11.4081
167.19999999999479 11.8399
167.29999999999478 5.96217
167.39999999999478 5.96217
167.49999999999477 6.29303
167.59999999999476 7.19287
167.69999999999476 7.86303
167.79999999999475 8.35996
167.89999999999475 9.05369
167.99999999999474 9.90249
168.09999999999474 10.2024
168.19999999999473 10.9618
168.29999999999472 11.3223
168.39999999999472 11.8423
168.49999999999471 5.96335
168.59999999999471 5.96335
168.6999999999947 6.29414
168.7999999999947 6.45302
168.89999999999469 7.19384
168.99999999999469 8.11622
169.09999999999468 9.05446
169.19999999999467 9.48843
169.29999999999467 10.0042
169.39999999999466 10.7777
169.49999999999466 10.9625
169.59999999999465 11.8428
169.69999999999465 11.8428
169.79999999999464 5.96364
169.89999999999463 5.96364
169.99999999999463 6.29442
170.09999999999462 7.19408
170.19999999999462 8.11644
170.29999999999461 8.59853
170.39999999999461 9.05465
170.4999999999946 10.0043
170.59999999999459 10.4945
170.69999999999459 10.9626
170.79999999999458 11.6723
170.89999999999458 11.843
170.99999999999457 12.6619
171.09999999999457 12.8194
171.19999999999456 6.44868
171.29999999999455 6.44868
171.39999999999455 7.04808
171.49999999999454 7.59943
171.59999999999454 8.47712
171.69999999999453 9.37887
171.79999999999453 9.69519
171.89999999999452 10.2984
171.99999999999451 10.9599
172.09999999999451 11.2314
172.1999999999945 12.0088
172.2999999999945 12.1748
172.39999999999449 12.8951
172.49999999999449 6.44754
172.59999999999448 6.44754
172.69999999999447 7.32804
172.79999999999447 8.11188
172.89999999999446 8.59423
172.99999999999446 9.16106
173.09999999999445 10.1007
173.19999999999445 10.2977
173.29999999999444 11.0505
173.39999999999444 11.4081
173.49999999999443 12.0082
173.59999999999442 12.4995
173.69999999999442 12.8945
173.79999999999441 6.44726
173.89999999999441 6.60236
173.9999999999944 7.18868
174.0999999999944 7.98645
174.19999999999439 8.82519
174.29999999999438 9.3779
174.39999999999438 9.69425
174.49999999999437 10.5862
174.59999999999437 10.8671
174.69999999999436 11.4956
174.79999999999436 11.8397
174.89999999999435 5.9621
174.99999999999434 5.9621
175.09999999999434 6.12982
175.19999999999433 7.05098
175.29999999999433 7.99015
175.39999999999432 8.71377
175.49999999999432 9.05364
175.59999999999431 9.69729
175.6999999999943 10.4937
175.7999999999943 10.5889
175.89999999999429 11.4982
175.99999999999429 11.5852
176.09999999999428 5.96333
176.19999999999428 5.96333
176.29999999999427 6.13102
176.39999999999426 7.05202
176.49999999999426 7.60309
176.59999999999425 8.11621
176.69999999999425 8.82936
176.79999999999424 9.69804
176.89999999999424 10.0042
176.99999999999423 10.5896
177.09999999999422 11.1441
177.19999999999422 11.4988
177.29999999999421 12.1771
177.39999999999421 12.4218
177.4999999999942 6.44861
177.5999999999942 6.44861
177.69999999999419 6.60368
177.79999999999418 7.46542
177.89999999999418 8.35741
177.99999999999417 9.05133
178.09999999999417 9.27096
178.19999999999416 10.2003
178.29999999999416 10.4917
178.39999999999415 11.1416
178.49999999999415 11.5834
178.59999999999414 12.092
178.69999999999413 12.6595
178.79999999999413 6.44752
178.89999999999412 6.44752
178.99999999999412 7.18892
179.09999999999411 7.85942
179.19999999999411 8.23514
179.2999999999941 9.05056
179.39999999999409 9.69442
179.49999999999409 10.0007
179.59999999999408 10.8672
179.69999999999408 11.0505
179.79999999999407 11.8399
179.89999999999407 11.9243
179.99999999999406 5.96217
180.09999999999405 5.96217
180.19999999999405 6.60692
180.29999999999404 7.33189
180.39999999999404 8.11536
180.49999999999403 9.05369
180.59999999999403 9.48769
180.69999999999402 10.0035
180.79999999999401 10.777
180.89999999999401 10.9618
180.999999999994 11.8423
181.099999999994 11.9267
181.19999999999399 5.96335
181.29999999999399 5.96335
181.39999999999398 6.29414
181.49999999999397 7.19384
181.59999999999397 8.11622
181.69999999999396 8.59832
181.79999999999396 9.05446
181.89999999999395 10.0042
181.99999999999395 10.3011
182.09999999999394 10.9625
182.19999999999393 11.4988
182.29999999999393 11.8428
182.39999999999392 5.96364
182.49999999999392 5.96364
182.59999999999391 6.29442
182.69999999999391 6.75958
182.7999999999939 7.46946
182.8999999999939 8.11644
182.99999999999389 9.05465
183.09999999999388 9.80134
183.19999999999388 10.1043
183.29999999999387 10.9626
183.39999999999387 11.323
183.49999999999386 11.843
183.59999999999386 12.3409
183.69999999999385 12.7409
183.79999999999384 6.44868
183.89999999999384 6.44868
183.99999999999383 6.75518
184.09999999999383 7.59943
184.19999999999382 8.35747
184.29999999999382 8.82622
184.39999999999381 9.37887
184.4999999999938 10.2984
184.5999999999938 10.587
184.69999999999379 11.2314
184.79999999999379 11.6697
184.89999999999378 12.1748
184.99999999999378 12.6596
185.09999999999377 12.8951
185.19999999999376 6.44754
185.29999999999376 6.90215
185.39999999999375 7.4645
185.49999999999375 8.23516
185.59999999999374 9.16106
185.69999999999374 9.69443
185.79999999999373 10.1007
185.89999999999372 10.9593
185.99999999999372 11.0505
186.09999999999371 12.0082
186.19999999999371 12.0915
186.2999999999937 12.8945
186.3999999999937 6.44726
186.49999999999369 6.44726
186.59999999999368 7.04677
186.69999999999368 7.98645
186.79999999999367 8.59402
186.89999999999367 8.9385
186.99999999999366 9.69425
187.09999999999366 10.2975
187.19999999999365 10.5862
187.29999999999364 11.408
187.39999999999364 11.4956
187.49999999999363 5.9621
187.59999999999363 5.9621
187.69999999999362 6.12982
187.79999999999362 7.05098
187.89999999999361 7.73367
187.99999999999361 8.23853
188.0999999999936 8.82854
188.19999999999359 9.69729
188.29999999999359 10.0034
188.39999999999358 10.5889
188.49999999999358 11.2332
188.59999999999357 11.4982
188.69999999999357 5.96333
188.79999999999356 5.96333
188.89999999999355 6.13102
188.99999999999355 6.29413
189.09999999999354 7.05202
189.19999999999354 7.99107
189.29999999999353 8.82936
189.39999999999353 9.274
189.49999999999352 9.69804
189.59999999999351 10.5896
189.69999999999351 10.7777
189.7999999999935 11.4988
189.8999999999935 11.8428
189.99999999999349 12.4218
190.09999999999349 12.8192
190.19999999999348 6.44861
190.29999999999347 6.60368
190.39999999999347 7.46542
190.49999999999346 8.11273
190.59999999999346 8.59503
190.69999999999345 9.27096
190.79999999999345 10.0013
190.89999999999344 10.2003
190.99999999999343 11.1416
191.09999999999343 11.2314
191.19999999999342 12.092
191.29999999999342 12.2569
191.39999999999341 12.895
191.49999999999341 6.44752
191.5999999999934 6.60262
191.69999999999339 7.32802
191.79999999999339 8.11187
191.89999999999338 9.05056
191.99999999999338 9.27021
192.09999999999337 10.0007
192.19999999999337 10.491
192.29999999999336 10.9592
192.39999999999336 11.5828
192.49999999999335 11.8399
192.59999999999334 5.96217
192.69999999999334 5.96217
192.79999999999333 6.29303
192.89999999999333 7.19287
192.99999999999332 8.11536
193.09999999999332 8.71382
193.19999999999331 9.05369
193.2999999999933 10.0035
193.3999999999933 10.3975
193.49999999999329 10.9618
193.59999999999329 11.4982
193.69999999999328 11.8423
193.79999999999328 5.96335
193.89999999999327 5.96335
193.99999999999326 6.29414
194.09999999999326 6.90726
194.19999999999325 7.60311
194.29999999999325 8.11622
194.39999999999324 9.05446
194.49999999999324 9.69805
194.59999999999323 10.0042
194.69999999999322 10.9625
194.79999999999322 11.0537
194.89999999999321 11.8428
194.99999999999321 11.9273
195.0999999999932 5.96364
195.1999999999932 6.13132
195.29999999999319 6.29442
195.39999999999318 7.19408
195.49999999999318 8.11644
195.59999999999317 8.82957
195.69999999999317 9.2742
195.79999999999316 10.0043
195.89999999999316 10.6842
195.99999999999315 10.9626
196.09999999999314 11.843
196.19999999999314 12.0113
196.29999999999313 12.7409
196.39999999999313 12.8974
196.49999999999312 6.44868
196.59999999999312 6.75518
196.69999999999311 7.32904
196.7999999999931 7.86037
196.8999999999931 8.47712
196.99999999999309 9.37887
197.09999999999309 9.90039
197.19999999999308 10.2984
197.29999999999308 11.2314
197.39999999999307 11.3204
197.49999999999307 12.1748
197.59999999999306 12.3385
197.69999999999305 12.8951
197.79999999999305 6.44754
197.89999999999304 6.44754
197.99999999999304 7.32804
198.09999999999303 8.23516
198.19999999999303 8.82539
198.29999999999302 9.16106
198.39999999999301 10.1007
198.49999999999301 10.5863
198.599999999993 11.0505
198.699999999993 11.6691
198.79999999999299 12.0082
198.89999999999299 12.659
198.99999999999298 12.8945
199.09999999999297 6.44726
199.19999999999297 6.90189
199.29999999999296 7.46426
199.39999999999296 7.98645
199.49999999999295 8.82519
199.59999999999295 9.69425
199.69999999999294 9.89947
199.79999999999293 10.5862
199.89999999999293 11.0503
199.99999999999292 11.4956
200.09999999999292 11.9242
200.19999999999291 5.9621
